1	249250621	1051606	0
2	243199373	916638	0
3	198022430	714171	0
4	191154276	630517	0
5	180915260	635261	0
6	171115067	640547	0
7	159138663	682203	0
8	146364022	527697	0
9	141213431	517593	0
10	135534747	655321	0
11	135006516	530482	0
12	133851895	575587	0
13	115169878	309221	0
14	107349540	371462	0
15	102531392	385909	0
16	90354753	484960	0
17	81195210	520730	0
18	78077248	270911	0
19	59128983	477157	0
20	63025520	300031	0
21	48129895	147034	0
22	51304566	240541	0
X	155270560	547163	0
Y	59373566	53644	5
MT	16569	42533	0
GL000207.1	4262	17	0
GL000226.1	15008	10635	0
GL000229.1	19913	354	0
GL000231.1	27386	349	0
GL000210.1	27682	88	0
GL000239.1	33824	434	2
GL000235.1	34474	313	0
GL000201.1	36148	75	0
GL000247.1	36422	241	0
GL000245.1	36651	229	0
GL000197.1	37175	75	0
GL000203.1	37498	86	0
GL000246.1	38154	128	0
GL000249.1	38502	133	0
GL000196.1	38914	156	0
GL000248.1	39786	138	0
GL000244.1	39929	154	0
GL000238.1	39939	85	0
GL000202.1	40103	139	0
GL000234.1	40531	647	0
GL000232.1	40652	511	0
GL000206.1	41001	57	0
GL000240.1	41933	331	0
GL000236.1	41934	209	0
GL000241.1	42152	260	0
GL000243.1	43341	807	0
GL000242.1	43523	279	0
GL000230.1	43691	125	0
GL000237.1	45867	721	0
GL000233.1	45941	154	0
GL000204.1	81310	198	0
GL000198.1	90085	452	0
GL000208.1	92689	989	0
GL000191.1	106433	855	0
GL000227.1	128374	361	0
GL000228.1	129120	10069	0
GL000214.1	137718	3082	0
GL000221.1	155397	1016	0
GL000209.1	159169	209	0
GL000218.1	161147	1216	0
GL000220.1	161802	37601	0
GL000213.1	164239	301	0
GL000211.1	166566	816	0
GL000199.1	169874	10116	0
GL000217.1	172149	698	0
GL000216.1	172294	10103	0
GL000215.1	172545	309	0
GL000205.1	174588	733	0
GL000219.1	179198	771	0
GL000224.1	179693	2830	0
GL000223.1	180455	1191	0
GL000195.1	182896	929	0
GL000212.1	186858	1136	0
GL000222.1	186861	1659	0
GL000200.1	187035	647	0
GL000193.1	189789	1082	0
GL000194.1	191469	1212	0
GL000225.1	211173	14879	0
GL000192.1	547496	1915	0
*	0	0	110565
