#rname	startpos	endpos	numreads	covbases	coverage	meandepth	meanbaseq	meanmapq
1	1	249250621	1051606	24614870	9.87555	0.203162	40.6	14.7
2	1	243199373	916638	22332689	9.18287	0.182023	40.6	15.2
3	1	198022430	714171	17919868	9.04941	0.17435	40.6	15.4
4	1	191154276	630517	15434973	8.07462	0.160089	40.6	14.4
5	1	180915260	635261	16056915	8.87538	0.169915	40.6	15.4
6	1	171115067	640547	15924067	9.30606	0.181307	40.6	15.9
7	1	159138663	682203	16178611	10.1664	0.206154	40.6	13.9
8	1	146364022	527697	13374317	9.13771	0.17454	40.6	16
9	1	141213431	517593	12512879	8.86097	0.176497	40.6	14.4
10	1	135534747	655321	14052379	10.3681	0.236194	40.6	14.6
11	1	135006516	530482	13210089	9.78478	0.189567	40.6	16
12	1	133851895	575587	13882919	10.3719	0.206719	40.6	14.6
13	1	115169878	309221	7878308	6.8406	0.129799	40.6	15.9
14	1	107349540	371462	9032789	8.41437	0.166564	40.6	15.1
15	1	102531392	385909	9213343	8.98588	0.180808	40.6	14.7
16	1	90354753	484960	10708969	11.8521	0.259738	40.6	13.9
17	1	81195210	520730	11451766	14.104	0.305365	40.6	13.4
18	1	78077248	270911	6733164	8.62372	0.167826	40.6	16.4
19	1	59128983	477157	10232803	17.3059	0.383584	40.6	12.6
20	1	63025520	300031	7246086	11.4971	0.228307	40.6	16.7
21	1	48129895	147034	3511428	7.29573	0.147197	40.6	15.8
22	1	51304566	240541	5370053	10.467	0.223236	40.6	14.8
X	1	155270560	547163	13720638	8.8366	0.170563	40.6	13.2
Y	1	59373566	53644	759043	1.27842	0.0422141	40.6	3.99
MT	1	16569	42533	16509	99.6379	128.62	40.9	25.8
GL000207.1	1	4262	17	475	11.145	0.176678	40.8	18.8
GL000226.1	1	15008	10635	14835	98.8473	37.0373	40.5	0.547
GL000229.1	1	19913	354	6450	32.3909	0.806056	40.7	11.1
GL000231.1	1	27386	349	6853	25.0237	0.628131	40.7	12.6
GL000210.1	1	27682	88	1662	6.0039	0.147099	40.8	0.807
GL000239.1	1	33824	434	8864	26.2062	0.634668	40.6	0.461
GL000235.1	1	34474	313	4919	14.2687	0.427888	40.7	8.58
GL000201.1	1	36148	75	1558	4.31006	0.0938641	40.7	0.307
GL000247.1	1	36422	241	5487	15.0651	0.317445	40.6	0.0954
GL000245.1	1	36651	229	4425	12.0733	0.320919	40.6	0
GL000197.1	1	37175	75	1944	5.22932	0.0895225	40.7	0
GL000203.1	1	37498	86	1611	4.29623	0.106539	40.5	6.07
GL000246.1	1	38154	128	2748	7.20239	0.15655	40.4	1.3
GL000249.1	1	38502	133	3103	8.05932	0.15994	40.5	0
GL000196.1	1	38914	156	4031	10.3587	0.190805	40.4	0.147
GL000248.1	1	39786	138	3151	7.91987	0.162369	40.6	2.76
GL000244.1	1	39929	154	2925	7.3255	0.188409	40.6	0
GL000238.1	1	39939	85	2234	5.59353	0.0984001	40.7	3.01
GL000202.1	1	40103	139	3698	9.22126	0.154128	40.5	10.4
GL000234.1	1	40531	647	10984	27.1002	0.801288	40.7	19.1
GL000232.1	1	40652	511	11169	27.4747	0.658836	40.7	17.4
GL000206.1	1	41001	57	1306	3.18529	0.0620229	40.7	0
GL000240.1	1	41933	331	6658	15.8777	0.385448	40.6	1.57
GL000236.1	1	41934	209	4951	11.8066	0.24944	40.7	0.11
GL000241.1	1	42152	260	6753	16.0206	0.308455	40.7	12.1
GL000243.1	1	43341	807	10604	24.4664	0.90524	40.6	0.362
GL000242.1	1	43523	279	5832	13.3998	0.293408	40.5	0.215
GL000230.1	1	43691	125	3257	7.45462	0.133368	40.6	5.02
GL000237.1	1	45867	721	12781	27.8653	0.786557	40.6	5.26
GL000233.1	1	45941	154	4507	9.81041	0.159487	40.6	3.77
GL000204.1	1	81310	198	5709	7.02128	0.116394	40.6	16.6
GL000198.1	1	90085	452	15304	16.9884	0.264262	40.6	9.72
GL000208.1	1	92689	989	20244	21.8408	0.513535	40.6	4.97
GL000191.1	1	106433	855	17619	16.5541	0.372601	40.6	0.573
GL000227.1	1	128374	361	10113	7.87776	0.138283	40.6	1.17
GL000228.1	1	129120	10069	38641	29.9264	3.83057	40.6	0.196
GL000214.1	1	137718	3082	41805	30.3555	1.11693	40.6	4.6
GL000221.1	1	155397	1016	22714	14.6168	0.335849	40.6	0.504
GL000209.1	1	159169	209	5889	3.69984	0.060596	40.5	0.502
GL000218.1	1	161147	1216	25873	16.0555	0.378797	40.6	6.1
GL000220.1	1	161802	37601	76676	47.3888	11.1921	40.6	19.2
GL000213.1	1	164239	301	7582	4.61644	0.0859844	40.6	0.628
GL000211.1	1	166566	816	16570	9.94801	0.232767	40.6	5.74
GL000199.1	1	169874	10116	102944	60.6002	3.04833	40.6	1.13
GL000217.1	1	172149	698	14767	8.57803	0.199734	40.7	1.27
GL000216.1	1	172294	10103	58864	34.1649	2.84499	40.6	4.77
GL000215.1	1	172545	309	7900	4.57852	0.084604	40.5	0.408
GL000205.1	1	174588	733	26013	14.8996	0.206984	40.6	18
GL000219.1	1	179198	771	23109	12.8958	0.21205	40.5	14.7
GL000224.1	1	179693	2830	36892	20.5306	0.782156	40.5	5.84
GL000223.1	1	180455	1191	22512	12.4751	0.302164	40.6	0.0856
GL000195.1	1	182896	929	27453	15.0102	0.250126	40.5	17.3
GL000212.1	1	186858	1136	24737	13.2384	0.2931	40.5	5.95
GL000222.1	1	186861	1659	17758	9.50332	0.431824	40.7	0.398
GL000200.1	1	187035	647	13864	7.41252	0.16136	40.5	0
GL000193.1	1	189789	1082	27375	14.4239	0.274068	40.6	9.12
GL000194.1	1	191469	1212	26964	14.0827	0.310374	40.7	2.98
GL000225.1	1	211173	14879	94045	44.5346	3.52656	40.7	6.57
GL000192.1	1	547496	1915	46739	8.53687	0.167733	40.6	2.07
