# This file was produced by samtools stats (1.24+htslib-1.24) and can be plotted using plot-bamstats
# This file contains statistics for all reads.
# The command line was:  stats -@ 6 results/real_run/alignment/ERR14666789.sorted.bam
# CHK, Checksum	[2]Read Names	[3]Sequences	[4]Qualities
# CHK, CRC32 of reads which passed filtering followed by addition (32bit overflow)
CHK	87ea5dee	39046d90	e2979669
# Summary Numbers. Use `grep ^SN | cut -f 2-` to extract this part.
SN	raw total sequences:	12464796	# excluding supplementary and secondary reads
SN	filtered sequences:	0
SN	sequences:	12464796
SN	is sorted:	1	# sorted by coordinate
SN	1st fragments:	12464796
SN	last fragments:	0
SN	reads mapped:	12354224
SN	reads mapped and paired:	0	# paired-end technology bit set + both mates mapped
SN	reads unmapped:	110572
SN	reads properly paired:	0	# proper-pair bit set
SN	reads paired:	0	# paired-end technology bit set
SN	reads duplicated:	0	# PCR or optical duplicate bit set
SN	reads MQ0:	6706005	# mapped and MQ=0
SN	reads QC failed:	0
SN	non-primary alignments:	0
SN	supplementary alignments:	0
SN	total length:	601898793	# ignores clipping
SN	total first fragment length:	601898793	# ignores clipping
SN	total last fragment length:	0	# ignores clipping
SN	bases mapped:	596006134	# ignores clipping
SN	bases mapped (cigar):	596006124	# more accurate
SN	bases trimmed:	0
SN	bases duplicated:	0
SN	mismatches:	3812930	# from NM fields
SN	error rate:	6.397468e-03	# mismatches / bases mapped (cigar)
SN	average length:	48
SN	average first fragment length:	48
SN	average last fragment length:	0
SN	maximum length:	173
SN	maximum first fragment length:	173
SN	maximum last fragment length:	0
SN	average quality:	40.6
SN	insert size average:	0.0
SN	insert size standard deviation:	0.0
SN	inward oriented pairs:	0
SN	outward oriented pairs:	0
SN	pairs with other orientation:	0
SN	pairs on different chromosomes:	0
SN	percentage of properly paired reads (%):	0.0
# First Fragment Qualities. Use `grep ^FFQ | cut -f 2-` to extract this part.
# Columns correspond to qualities and rows to cycles. First column is the cycle number.
FFQ	1	1231	0	0	0	318	162	0	0	0	278	724	0	6940	0	758	1014	0	0	0	1348	2027	0	10006	0	0	4146	0	35152	0	17504	248	0	117820	0	0	472	0	431936	0	1898	0	11830814	0
FFQ	2	1571	0	0	0	469	230	0	0	0	849	789	0	6876	0	936	1084	0	0	0	1295	2002	0	10576	0	0	4046	0	35547	0	19780	243	0	118943	0	0	418	0	427069	0	1778	0	11830295	0
FFQ	3	1195	0	0	0	301	162	0	0	0	284	807	0	7321	0	698	1092	0	0	0	1240	1920	0	11287	0	0	3939	0	37338	0	17603	222	0	121023	0	0	391	0	427648	0	1609	0	11828716	0
FFQ	4	1119	0	0	0	268	179	0	0	0	294	849	0	7037	0	709	1101	0	0	0	1308	1960	0	11814	0	0	3939	0	36859	0	17783	201	0	120152	0	0	366	0	420830	0	1488	0	11836540	0
FFQ	5	1098	0	0	0	275	153	0	0	0	328	723	0	6813	0	692	997	0	0	0	1352	1863	0	12493	0	0	3643	0	36848	0	17263	182	0	120209	0	0	322	0	414243	0	1278	0	11844021	0
FFQ	6	1118	0	0	0	273	218	0	0	0	410	868	0	6950	0	779	1009	0	0	0	1256	1888	0	13088	0	0	3763	0	36431	0	17806	177	0	118570	0	0	283	0	412050	0	1447	0	11846412	0
FFQ	7	1097	0	0	0	262	146	0	0	0	228	828	0	6644	0	641	1005	0	0	0	1271	1826	0	14669	0	0	3347	0	36132	0	16802	179	0	119711	0	0	285	0	410708	0	1429	0	11847586	0
FFQ	8	1186	0	1	0	312	235	0	0	0	627	943	0	6630	0	798	998	0	0	0	1266	1892	0	15642	0	0	3654	0	36334	0	18412	161	0	118979	0	0	274	0	407840	0	1372	0	11847240	0
FFQ	9	1269	0	1	0	346	302	0	0	0	1235	1002	0	6716	0	1078	1119	0	0	0	1457	1930	0	16478	0	0	3906	0	36555	0	21506	165	0	118779	0	0	288	0	409978	0	1450	0	11839236	0
FFQ	10	1095	0	2	0	319	186	0	0	0	541	948	0	6631	0	746	995	0	0	0	1263	1787	0	16986	0	0	3366	0	36472	0	17400	149	0	117693	0	0	253	0	407875	0	1447	0	11848642	0
FFQ	11	1141	0	3	0	249	168	0	0	0	335	969	0	6655	0	601	1021	0	0	0	1290	1851	0	17998	0	0	3574	0	37346	0	16940	165	0	118582	0	0	292	0	409041	0	1425	0	11845150	0
FFQ	12	1734	0	2	0	544	369	0	0	0	2021	1156	0	6673	0	1338	1176	0	0	0	1741	2061	0	18017	0	0	4145	0	37759	0	24514	156	0	116788	0	0	240	0	407039	0	1437	0	11835886	0
FFQ	13	1149	0	8	0	253	140	0	0	0	281	1032	0	6742	0	648	1074	0	0	0	1247	1811	0	18190	0	0	3525	0	38426	0	16556	154	0	117097	0	0	265	0	409283	0	1582	0	11845333	0
FFQ	14	1229	0	5	0	274	178	0	0	0	376	1024	0	6800	0	684	1143	0	0	0	1314	1784	0	18641	0	0	3511	0	40854	0	17352	140	0	115147	0	0	250	0	411288	0	1516	0	11841286	0
FFQ	15	1746	0	5	0	590	296	0	0	0	1434	1182	0	6918	0	737	1206	0	0	0	1753	1866	0	18884	0	0	3868	0	41252	0	20307	156	0	113247	0	0	261	0	411114	0	1487	0	11836487	0
FFQ	16	1097	0	13	0	265	149	0	0	0	374	1019	0	6777	0	637	1139	0	0	0	1320	1634	0	19094	0	0	3319	0	43389	0	16012	113	0	109980	0	0	316	0	413556	0	1570	0	11843023	0
FFQ	17	1432	0	13	0	315	243	0	0	0	725	1154	0	6968	0	706	1379	0	0	0	1505	1698	0	20006	0	0	3919	0	46522	0	19278	127	0	107858	0	0	278	0	410516	0	1535	0	11838619	0
FFQ	18	1099	0	17	0	253	179	0	0	0	434	1042	0	6933	0	627	1315	0	0	0	1361	1674	0	19914	0	0	3528	0	47976	0	16211	98	0	105320	0	0	237	0	410173	0	1518	0	11844887	0
FFQ	19	3033	0	18	0	1070	499	0	0	0	3209	1477	0	9796	0	1157	1761	0	0	0	2336	2004	0	21768	0	0	4833	0	50448	0	26415	95	0	104031	0	0	262	0	410989	0	1534	0	11818061	0
FFQ	20	1631	0	19	0	269	173	0	0	0	487	1308	0	10031	0	612	1468	0	0	0	1268	1638	0	23145	0	0	3922	0	51822	0	16802	118	0	103532	0	0	269	0	412672	0	1475	0	11832135	0
FFQ	21	2441	0	161	0	518	355	0	0	0	1191	1998	0	10372	0	794	1738	0	0	0	1752	2216	0	24088	0	0	4858	0	53228	0	19777	589	0	103351	0	0	1897	0	414126	0	10651	0	11808695	0
FFQ	22	2199	0	139	0	449	338	0	0	0	1257	2162	0	10615	0	887	1855	0	0	0	1982	2315	0	24517	0	0	5189	0	53521	0	22332	718	0	103636	0	0	2194	0	417037	0	8045	0	11803409	0
FFQ	23	1960	0	186	0	322	250	0	0	0	731	1714	0	10459	0	708	1670	0	0	0	1534	2015	0	24644	0	0	4361	0	53565	0	17869	379	0	104890	0	0	1165	0	418376	0	4085	0	11813913	0
FFQ	24	2019	0	60	0	319	297	0	0	0	783	1813	0	10831	0	882	1785	0	0	0	1534	2089	0	24692	0	0	4744	0	54537	0	18982	450	0	104697	0	0	1328	0	420939	0	7996	0	11804019	0
FFQ	25	1729	0	32	0	285	254	0	0	0	732	1470	0	10249	0	669	1641	0	0	0	1427	1678	0	24259	0	0	4048	0	52963	0	16786	94	0	104486	0	0	274	0	417698	0	1382	0	11822640	0
FFQ	26	2223	0	25	0	434	286	0	0	0	940	1557	0	10250	0	918	1688	0	0	0	2017	1857	0	24100	0	0	4399	0	52331	0	19215	102	0	104378	0	0	307	0	417354	0	1379	0	11819036	0
FFQ	27	2134	0	26	0	358	296	0	0	0	913	1589	0	10552	0	923	1764	0	0	0	1767	1956	0	24064	0	0	4190	0	52321	0	19060	109	0	105456	0	0	273	0	417027	0	1355	0	11818663	0
FFQ	28	1849	0	28	0	309	263	0	0	0	883	1480	0	10261	0	693	1685	0	0	0	1360	1789	0	24056	0	0	4087	0	51580	0	17053	102	0	105491	0	0	270	0	416168	0	1300	0	11824089	0
FFQ	29	1909	0	29	0	308	282	0	0	0	942	1486	0	10389	0	714	1533	0	0	0	1343	1793	0	23815	0	0	4109	0	50766	0	16709	117	0	105273	0	0	255	0	416472	0	1186	0	11825366	0
FFQ	30	2678	0	35	0	544	293	0	0	0	983	1632	0	10376	0	820	1658	0	0	0	1660	1852	0	23828	0	0	4256	0	50470	0	18076	107	0	105892	0	0	269	0	417006	0	1209	0	11821152	0
FFQ	31	3387	0	34	0	899	457	0	0	0	1280	1796	0	10524	0	1263	1913	0	0	0	2274	1972	0	23537	0	0	4723	0	50423	0	21071	92	0	106354	0	0	239	0	417040	0	1177	0	11814341	0
FFQ	32	2860	0	31	0	757	406	0	0	0	1179	1708	0	10297	0	1104	1770	0	0	0	2050	1930	0	23208	0	0	4452	0	48922	0	18371	82	0	106614	0	0	248	0	413605	0	1145	0	11689495	0
FFQ	33	3427	0	219	0	1305	483	0	0	0	1441	2080	0	10385	0	1736	1965	0	0	0	3073	2255	0	22930	0	0	5020	0	48234	0	22642	520	0	106124	0	0	1409	0	410265	0	4906	0	11499247	0
FFQ	34	2438	0	37	0	464	498	0	0	0	1799	1984	0	10201	0	1153	1887	0	0	0	2656	2256	0	22283	0	0	5057	0	46886	0	24925	324	0	104387	0	0	870	0	401100	0	3829	0	11297040	0
FFQ	35	2797	0	31	0	886	442	0	0	0	1289	1767	0	10053	0	1282	1849	0	0	0	2562	2028	0	22242	0	0	4521	0	45955	0	19556	87	0	102753	0	0	192	0	394455	0	809	0	11049437	0
FFQ	36	1962	0	34	0	320	329	0	0	0	894	1544	0	9942	0	784	1600	0	0	0	1315	1832	0	21496	0	0	4000	0	43996	0	15677	74	0	100377	0	0	211	0	383627	0	809	0	10743312	0
FFQ	37	2717	0	49	0	787	424	0	0	0	1166	1834	0	9448	0	1144	1775	0	0	0	2193	2094	0	20301	0	0	4467	0	42120	0	17777	375	0	97213	0	0	995	0	368423	0	5399	0	10380616	0
FFQ	38	1741	0	32	0	243	355	0	0	0	935	1350	0	8987	0	561	1389	0	0	0	962	1622	0	19577	0	0	3498	0	40174	0	12800	110	0	92973	0	0	305	0	354915	0	1338	0	10012030	0
FFQ	39	1768	0	25	0	297	309	0	0	0	848	1243	0	8492	0	728	1417	0	0	0	1211	1546	0	18181	0	0	3527	0	37160	0	13815	73	0	88246	0	0	179	0	335515	0	711	0	9566568	0
FFQ	40	2030	0	25	0	606	357	0	0	0	1106	1365	0	8140	0	1206	1394	0	0	0	1984	1610	0	17049	0	0	3508	0	35320	0	16936	68	0	83404	0	0	165	0	317653	0	639	0	9102415	0
FFQ	41	1861	0	28	0	426	297	0	0	0	874	1203	0	7815	0	1044	1361	0	0	0	1824	1525	0	16172	0	0	3489	0	33369	0	16260	64	0	79943	0	0	149	0	301974	0	640	0	8624536	0
FFQ	42	1372	0	89	0	178	236	0	0	0	699	1163	0	7454	0	487	1105	0	0	0	793	1449	0	14974	0	0	3007	0	31694	0	10617	313	0	74814	0	0	977	0	284672	0	3372	0	8137858	0
FFQ	43	1416	0	22	0	272	242	0	0	0	674	1112	0	6740	0	564	1069	0	0	0	953	1339	0	13872	0	0	2777	0	29026	0	10930	72	0	70022	0	0	197	0	265611	0	692	0	7635365	0
FFQ	44	1242	0	50	0	167	215	0	0	0	606	1000	0	6500	0	424	968	0	0	0	667	1248	0	13399	0	0	2591	0	27274	0	9327	188	0	65303	0	0	562	0	245903	0	1709	0	7119504	0
FFQ	45	1338	0	43	0	238	216	0	0	0	623	1691	0	6232	0	521	1019	0	0	0	821	1554	0	12163	0	0	3191	0	25121	0	9762	1273	0	60017	0	0	3131	0	228094	0	15978	0	6604992	0
FFQ	46	1175	0	55	0	186	187	0	0	0	591	847	0	5546	0	435	833	0	0	0	605	1049	0	11112	0	0	2238	0	23244	0	8492	202	0	55010	0	0	494	0	210542	0	1738	0	6145051	0
FFQ	47	911	0	23	0	146	173	0	0	0	510	745	0	5075	0	336	688	0	0	0	489	847	0	10119	0	0	1999	0	21151	0	7059	132	0	50599	0	0	363	0	193898	0	1360	0	5682364	0
FFQ	48	1111	0	22	0	231	173	0	0	0	500	759	0	4732	0	583	841	0	0	0	1053	900	0	9233	0	0	2105	0	19337	0	9455	40	0	45745	0	0	103	0	177453	0	399	0	5247281	0
FFQ	49	982	0	15	0	169	182	0	0	0	739	666	0	4286	0	321	701	0	0	0	756	835	0	8478	0	0	1932	0	17736	0	8345	32	0	42403	0	0	92	0	162732	0	337	0	4818936	0
FFQ	50	877	0	21	0	172	105	0	0	0	399	524	0	3915	0	345	574	0	0	0	483	713	0	7721	0	0	1502	0	16148	0	6008	41	0	38676	0	0	78	0	148607	0	346	0	4425246	0
FFQ	51	806	0	19	0	161	123	0	0	0	376	575	0	3610	0	330	536	0	0	0	571	647	0	6976	0	0	1473	0	14930	0	5830	17	0	35094	0	0	82	0	135992	0	340	0	4070527	0
FFQ	52	594	0	16	0	98	109	0	0	0	328	442	0	3386	0	239	450	0	0	0	363	509	0	6438	0	0	1222	0	13447	0	4617	19	0	31816	0	0	71	0	123451	0	262	0	3711419	0
FFQ	53	682	0	16	0	132	123	0	0	0	280	447	0	3127	0	258	500	0	0	0	397	563	0	5745	0	0	1174	0	12352	0	4529	26	0	29027	0	0	50	0	112877	0	233	0	3387715	0
FFQ	54	515	0	13	0	86	99	0	0	0	265	384	0	2971	0	234	384	0	0	0	357	505	0	5146	0	0	1077	0	11152	0	4012	24	0	26237	0	0	48	0	102786	0	223	0	3100350	0
FFQ	55	553	0	14	0	121	97	0	0	0	266	347	0	2651	0	243	428	0	0	0	352	412	0	4819	0	0	1018	0	10150	0	3904	28	0	23852	0	0	59	0	93645	0	229	0	2818815	0
FFQ	56	390	0	29	0	58	61	0	0	0	213	383	0	2356	0	156	328	0	0	0	194	460	0	4557	0	0	931	0	9415	0	3163	108	0	21932	0	0	296	0	85532	0	1026	0	2564863	0
FFQ	57	425	0	6	0	39	69	0	0	0	184	474	0	2328	0	117	310	0	0	0	198	486	0	4150	0	0	990	0	8597	0	2822	237	0	20164	0	0	690	0	78367	0	2617	0	2331422	0
FFQ	58	418	0	12	0	72	70	0	0	0	168	325	0	2009	0	141	283	0	0	0	227	357	0	3761	0	0	791	0	7936	0	2757	54	0	18333	0	0	118	0	71305	0	420	0	2120738	0
FFQ	59	455	0	10	0	121	56	0	0	0	185	303	0	1873	0	243	316	0	0	0	310	360	0	3415	0	0	778	0	7315	0	3114	42	0	16717	0	0	114	0	65066	0	643	0	1928645	0
FFQ	60	308	0	11	0	50	58	0	0	0	159	241	0	1716	0	99	234	0	0	0	144	285	0	3217	0	0	655	0	6497	0	2303	16	0	15504	0	0	39	0	59489	0	166	0	1751969	0
FFQ	61	341	0	6	0	63	67	0	0	0	155	210	0	1660	0	131	216	0	0	0	199	307	0	2935	0	0	595	0	5912	0	2150	13	0	13940	0	0	40	0	53741	0	122	0	1590137	0
FFQ	62	275	0	11	0	73	50	0	0	0	131	192	0	1518	0	99	220	0	0	0	173	282	0	2593	0	0	538	0	5580	0	1889	15	0	12822	0	0	31	0	49025	0	96	0	1440921	0
FFQ	63	299	0	8	0	61	42	0	0	0	102	211	0	1381	0	82	210	0	0	0	141	233	0	2421	0	0	543	0	5042	0	1779	11	0	11656	0	0	51	0	44311	0	149	0	1305526	0
FFQ	64	319	0	9	0	85	51	0	0	0	98	203	0	1297	0	143	208	0	0	0	168	212	0	2315	0	0	502	0	4661	0	1862	13	0	10718	0	0	24	0	40991	0	144	0	1185414	0
FFQ	65	255	0	9	0	37	39	0	0	0	99	146	0	1200	0	62	169	0	0	0	112	217	0	2007	0	0	402	0	4342	0	1372	24	0	9724	0	0	20	0	37032	0	126	0	1075122	0
FFQ	66	241	0	8	0	36	38	0	0	0	94	144	0	1120	0	67	171	0	0	0	98	224	0	1874	0	0	400	0	4050	0	1271	11	0	9169	0	0	24	0	33680	0	105	0	973309	0
FFQ	67	306	0	7	0	118	38	0	0	0	95	139	0	995	0	143	157	0	0	0	175	180	0	1753	0	0	396	0	3688	0	1545	11	0	8500	0	0	22	0	30776	0	105	0	881554	0
FFQ	68	180	0	6	0	20	18	0	0	0	60	139	0	965	0	55	136	0	0	0	61	134	0	1618	0	0	324	0	3316	0	971	9	0	7587	0	0	23	0	28133	0	82	0	799799	0
FFQ	69	200	0	4	0	33	43	0	0	0	49	127	0	919	0	72	153	0	0	0	95	201	0	1942	0	0	319	0	3751	0	851	9	0	9811	0	0	23	0	35878	0	66	0	709308	0
FFQ	70	130	0	5	0	22	15	0	0	0	51	119	0	870	0	38	109	0	0	0	60	136	0	1528	0	0	259	0	3128	0	715	4	0	7769	0	0	19	0	27850	0	68	0	650715	0
FFQ	71	108	0	5	0	12	24	0	0	0	32	84	0	715	0	32	109	0	0	0	43	139	0	1243	0	0	257	0	2526	0	712	7	0	6491	0	0	9	0	22758	0	53	0	591755	0
FFQ	72	105	0	5	0	18	15	0	0	0	45	79	0	649	0	39	78	0	0	0	67	104	0	1101	0	0	212	0	2235	0	762	13	0	5469	0	0	21	0	19524	0	45	0	537451	0
FFQ	73	103	0	6	0	18	20	0	0	0	41	75	0	573	0	33	93	0	0	0	46	113	0	960	0	0	185	0	2007	0	596	7	0	5031	0	0	9	0	17276	0	38	0	487364	0
FFQ	74	102	0	5	0	24	25	0	0	0	31	87	0	510	0	36	65	0	0	0	57	87	0	846	0	0	188	0	1803	0	642	7	0	4461	0	0	9	0	15477	0	48	0	441050	0
FFQ	75	76	0	6	0	13	15	0	0	0	39	59	0	500	0	32	64	0	0	0	49	75	0	788	0	0	189	0	1565	0	521	10	0	4106	0	0	8	0	13766	0	50	0	400257	0
FFQ	76	93	0	4	0	19	13	0	0	0	33	68	0	431	0	32	55	0	0	0	54	85	0	700	0	0	149	0	1471	0	499	7	0	3659	0	0	3	0	12617	0	39	0	361769	0
FFQ	77	64	0	4	0	17	13	0	0	0	22	55	0	385	0	33	41	0	0	0	33	62	0	635	0	0	115	0	1326	0	408	6	0	3302	0	0	9	0	11458	0	27	0	327579	0
FFQ	78	81	0	5	0	13	9	0	0	0	26	65	0	351	0	18	41	0	0	0	33	75	0	576	0	0	93	0	1164	0	426	3	0	3072	0	0	11	0	10509	0	36	0	296353	0
FFQ	79	48	0	6	0	7	8	0	0	0	13	33	0	341	0	12	31	0	0	0	19	57	0	509	0	0	83	0	1094	0	351	7	0	2658	0	0	10	0	9569	0	25	0	268184	0
FFQ	80	55	0	5	0	13	13	0	0	0	20	36	0	297	0	24	36	0	0	0	38	46	0	494	0	0	95	0	974	0	386	3	0	2471	0	0	6	0	8450	0	25	0	242664	0
FFQ	81	30	0	6	0	8	5	0	0	0	21	36	0	296	0	19	41	0	0	0	18	50	0	410	0	0	81	0	860	0	299	1	0	2183	0	0	7	0	7748	0	23	0	219307	0
FFQ	82	35	0	6	0	5	7	0	0	0	18	38	0	242	0	19	38	0	0	0	30	55	0	416	0	0	100	0	852	0	375	3	0	2020	0	0	5	0	6979	0	26	0	198345	0
FFQ	83	41	0	6	0	4	1	0	0	0	19	25	0	235	0	18	32	0	0	0	20	39	0	381	0	0	81	0	772	0	228	3	0	1866	0	0	5	0	6510	0	18	0	179192	0
FFQ	84	36	0	7	0	15	5	0	0	0	13	33	0	202	0	18	28	0	0	0	19	37	0	343	0	0	80	0	683	0	242	2	0	1740	0	0	5	0	5715	0	21	0	162182	0
FFQ	85	31	0	8	0	3	4	0	0	0	9	27	0	167	0	15	21	0	0	0	19	38	0	318	0	0	67	0	630	0	228	0	0	1493	0	0	5	0	5172	0	17	0	146792	0
FFQ	86	38	0	7	0	4	5	0	0	0	11	27	0	189	0	16	27	0	0	0	15	24	0	281	0	0	59	0	536	0	180	4	0	1373	0	0	5	0	4644	0	17	0	132567	0
FFQ	87	37	0	8	0	11	5	0	0	0	12	18	0	151	0	30	30	0	0	0	25	33	0	249	0	0	69	0	497	0	250	2	0	1258	0	0	8	0	4183	0	16	0	119664	0
FFQ	88	24	0	8	0	5	4	0	0	0	13	23	0	148	0	10	15	0	0	0	25	28	0	259	0	0	45	0	423	0	152	0	0	1163	0	0	0	0	3843	0	11	0	108225	0
FFQ	89	20	0	6	0	6	6	0	0	0	8	20	0	124	0	7	17	0	0	0	9	26	0	185	0	0	35	0	395	0	170	0	0	1058	0	0	6	0	3347	0	14	0	97719	0
FFQ	90	23	0	6	0	4	9	0	0	0	15	23	0	136	0	9	7	0	0	0	10	24	0	175	0	0	48	0	328	0	135	8	0	910	0	0	4	0	3078	0	11	0	88232	0
FFQ	91	12	0	7	0	1	1	0	0	0	5	20	0	117	0	3	9	0	0	0	9	12	0	150	0	0	29	0	308	0	96	3	0	783	0	0	8	0	2772	0	8	0	79810	0
FFQ	92	12	0	9	0	3	2	0	0	0	14	12	0	120	0	8	10	0	0	0	9	17	0	145	0	0	27	0	265	0	98	6	0	752	0	0	4	0	2487	0	20	0	72211	0
FFQ	93	16	0	11	0	6	2	0	0	0	10	17	0	112	0	5	5	0	0	0	8	14	0	129	0	0	39	0	212	0	84	6	0	679	0	0	9	0	2229	0	32	0	65475	0
FFQ	94	8	0	12	0	3	0	0	0	0	5	25	0	116	0	6	12	0	0	0	9	16	0	127	0	0	26	0	259	0	50	5	0	682	0	0	10	0	2367	0	35	0	58550	0
FFQ	95	0	0	46	0	0	0	0	0	0	0	0	0	1021	0	0	0	0	0	0	0	0	0	610	0	0	0	0	791	0	0	0	0	1507	0	0	0	0	4193	0	0	0	48012	0
FFQ	96	0	0	42	0	0	0	0	0	0	0	0	0	984	0	0	0	0	0	0	0	0	0	497	0	0	0	0	783	0	0	0	0	1396	0	0	0	0	3684	0	0	0	43420	0
FFQ	97	0	0	37	0	0	0	0	0	0	0	0	0	840	0	0	0	0	0	0	0	0	0	487	0	0	0	0	688	0	0	0	0	1320	0	0	0	0	3339	0	0	0	39099	0
FFQ	98	0	0	35	0	0	0	0	0	0	0	0	0	785	0	0	0	0	0	0	0	0	0	468	0	0	0	0	619	0	0	0	0	1158	0	0	0	0	3045	0	0	0	35300	0
FFQ	99	0	0	28	0	0	0	0	0	0	0	0	0	709	0	0	0	0	0	0	0	0	0	458	0	0	0	0	537	0	0	0	0	1048	0	0	0	0	2712	0	0	0	32000	0
FFQ	100	0	0	26	0	0	0	0	0	0	0	0	0	656	0	0	0	0	0	0	0	0	0	353	0	0	0	0	528	0	0	0	0	934	0	0	0	0	2591	0	0	0	28846	0
FFQ	101	0	0	24	0	0	0	0	0	0	0	0	0	620	0	0	0	0	0	0	0	0	0	352	0	0	0	0	439	0	0	0	0	857	0	0	0	0	2346	0	0	0	25988	0
FFQ	102	0	0	23	0	0	0	0	0	0	0	0	0	545	0	0	0	0	0	0	0	0	0	322	0	0	0	0	434	0	0	0	0	805	0	0	0	0	2077	0	0	0	23419	0
FFQ	103	0	0	17	0	0	0	0	0	0	0	0	0	525	0	0	0	0	0	0	0	0	0	283	0	0	0	0	397	0	0	0	0	729	0	0	0	0	1928	0	0	0	21060	0
FFQ	104	0	0	16	0	0	0	0	0	0	0	0	0	464	0	0	0	0	0	0	0	0	0	267	0	0	0	0	395	0	0	0	0	645	0	0	0	0	1675	0	0	0	19010	0
FFQ	105	0	0	13	0	0	0	0	0	0	0	0	0	413	0	0	0	0	0	0	0	0	0	233	0	0	0	0	294	0	0	0	0	585	0	0	0	0	1520	0	0	0	17226	0
FFQ	106	0	0	13	0	0	0	0	0	0	0	0	0	371	0	0	0	0	0	0	0	0	0	215	0	0	0	0	278	0	0	0	0	548	0	0	0	0	1389	0	0	0	15467	0
FFQ	107	0	0	10	0	0	0	0	0	0	0	0	0	339	0	0	0	0	0	0	0	0	0	175	0	0	0	0	259	0	0	0	0	454	0	0	0	0	1350	0	0	0	13910	0
FFQ	108	0	0	10	0	0	0	0	0	0	0	0	0	313	0	0	0	0	0	0	0	0	0	158	0	0	0	0	235	0	0	0	0	435	0	0	0	0	1132	0	0	0	12633	0
FFQ	109	0	0	10	0	0	0	0	0	0	0	0	0	285	0	0	0	0	0	0	0	0	0	156	0	0	0	0	227	0	0	0	0	373	0	0	0	0	1073	0	0	0	11357	0
FFQ	110	0	0	10	0	0	0	0	0	0	0	0	0	258	0	0	0	0	0	0	0	0	0	131	0	0	0	0	169	0	0	0	0	372	0	0	0	0	1010	0	0	0	10249	0
FFQ	111	0	0	7	0	0	0	0	0	0	0	0	0	230	0	0	0	0	0	0	0	0	0	105	0	0	0	0	183	0	0	0	0	356	0	0	0	0	895	0	0	0	9203	0
FFQ	112	0	0	7	0	0	0	0	0	0	0	0	0	228	0	0	0	0	0	0	0	0	0	114	0	0	0	0	151	0	0	0	0	320	0	0	0	0	836	0	0	0	8284	0
FFQ	113	0	0	6	0	0	0	0	0	0	0	0	0	184	0	0	0	0	0	0	0	0	0	107	0	0	0	0	137	0	0	0	0	285	0	0	0	0	743	0	0	0	7515	0
FFQ	114	0	0	6	0	0	0	0	0	0	0	0	0	179	0	0	0	0	0	0	0	0	0	97	0	0	0	0	147	0	0	0	0	245	0	0	0	0	675	0	0	0	6774	0
FFQ	115	0	0	5	0	0	0	0	0	0	0	0	0	170	0	0	0	0	0	0	0	0	0	93	0	0	0	0	129	0	0	0	0	228	0	0	0	0	610	0	0	0	6101	0
FFQ	116	0	0	5	0	0	0	0	0	0	0	0	0	161	0	0	0	0	0	0	0	0	0	79	0	0	0	0	114	0	0	0	0	220	0	0	0	0	530	0	0	0	5524	0
FFQ	117	0	0	3	0	0	0	0	0	0	0	0	0	135	0	0	0	0	0	0	0	0	0	76	0	0	0	0	114	0	0	0	0	192	0	0	0	0	534	0	0	0	4979	0
FFQ	118	0	0	3	0	0	0	0	0	0	0	0	0	153	0	0	0	0	0	0	0	0	0	77	0	0	0	0	76	0	0	0	0	159	0	0	0	0	494	0	0	0	4467	0
FFQ	119	0	0	3	0	0	0	0	0	0	0	0	0	130	0	0	0	0	0	0	0	0	0	58	0	0	0	0	78	0	0	0	0	165	0	0	0	0	422	0	0	0	4014	0
FFQ	120	0	0	3	0	0	0	0	0	0	0	0	0	111	0	0	0	0	0	0	0	0	0	57	0	0	0	0	87	0	0	0	0	141	0	0	0	0	367	0	0	0	3622	0
FFQ	121	0	0	3	0	0	0	0	0	0	0	0	0	94	0	0	0	0	0	0	0	0	0	44	0	0	0	0	66	0	0	0	0	138	0	0	0	0	336	0	0	0	3299	0
FFQ	122	0	0	3	0	0	0	0	0	0	0	0	0	96	0	0	0	0	0	0	0	0	0	41	0	0	0	0	69	0	0	0	0	100	0	0	0	0	313	0	0	0	2948	0
FFQ	123	0	0	3	0	0	0	0	0	0	0	0	0	73	0	0	0	0	0	0	0	0	0	44	0	0	0	0	65	0	0	0	0	105	0	0	0	0	312	0	0	0	2583	0
FFQ	124	0	0	3	0	0	0	0	0	0	0	0	0	70	0	0	0	0	0	0	0	0	0	35	0	0	0	0	57	0	0	0	0	97	0	0	0	0	270	0	0	0	2318	0
FFQ	125	0	0	2	0	0	0	0	0	0	0	0	0	72	0	0	0	0	0	0	0	0	0	38	0	0	0	0	54	0	0	0	0	80	0	0	0	0	221	0	0	0	2095	0
FFQ	126	0	0	2	0	0	0	0	0	0	0	0	0	41	0	0	0	0	0	0	0	0	0	38	0	0	0	0	42	0	0	0	0	61	0	0	0	0	227	0	0	0	1911	0
FFQ	127	0	0	2	0	0	0	0	0	0	0	0	0	57	0	0	0	0	0	0	0	0	0	28	0	0	0	0	33	0	0	0	0	66	0	0	0	0	184	0	0	0	1719	0
FFQ	128	0	0	1	0	0	0	0	0	0	0	0	0	45	0	0	0	0	0	0	0	0	0	31	0	0	0	0	24	0	0	0	0	66	0	0	0	0	175	0	0	0	1523	0
FFQ	129	0	0	1	0	0	0	0	0	0	0	0	0	43	0	0	0	0	0	0	0	0	0	24	0	0	0	0	36	0	0	0	0	51	0	0	0	0	156	0	0	0	1392	0
FFQ	130	0	0	1	0	0	0	0	0	0	0	0	0	42	0	0	0	0	0	0	0	0	0	33	0	0	0	0	33	0	0	0	0	35	0	0	0	0	137	0	0	0	1251	0
FFQ	131	0	0	1	0	0	0	0	0	0	0	0	0	42	0	0	0	0	0	0	0	0	0	28	0	0	0	0	37	0	0	0	0	42	0	0	0	0	125	0	0	0	1084	0
FFQ	132	0	0	0	0	0	0	0	0	0	0	0	0	38	0	0	0	0	0	0	0	0	0	14	0	0	0	0	28	0	0	0	0	44	0	0	0	0	106	0	0	0	982	0
FFQ	133	0	0	0	0	0	0	0	0	0	0	0	0	28	0	0	0	0	0	0	0	0	0	19	0	0	0	0	17	0	0	0	0	37	0	0	0	0	94	0	0	0	905	0
FFQ	134	0	0	0	0	0	0	0	0	0	0	0	0	24	0	0	0	0	0	0	0	0	0	11	0	0	0	0	19	0	0	0	0	42	0	0	0	0	94	0	0	0	786	0
FFQ	135	0	0	0	0	0	0	0	0	0	0	0	0	23	0	0	0	0	0	0	0	0	0	12	0	0	0	0	13	0	0	0	0	32	0	0	0	0	81	0	0	0	714	0
FFQ	136	0	0	0	0	0	0	0	0	0	0	0	0	18	0	0	0	0	0	0	0	0	0	14	0	0	0	0	13	0	0	0	0	30	0	0	0	0	77	0	0	0	629	0
FFQ	137	0	0	0	0	0	0	0	0	0	0	0	0	18	0	0	0	0	0	0	0	0	0	12	0	0	0	0	16	0	0	0	0	23	0	0	0	0	72	0	0	0	561	0
FFQ	138	0	0	0	0	0	0	0	0	0	0	0	0	12	0	0	0	0	0	0	0	0	0	10	0	0	0	0	16	0	0	0	0	22	0	0	0	0	61	0	0	0	520	0
FFQ	139	0	0	0	0	0	0	0	0	0	0	0	0	24	0	0	0	0	0	0	0	0	0	7	0	0	0	0	8	0	0	0	0	24	0	0	0	0	49	0	0	0	456	0
FFQ	140	0	0	0	0	0	0	0	0	0	0	0	0	15	0	0	0	0	0	0	0	0	0	5	0	0	0	0	7	0	0	0	0	21	0	0	0	0	45	0	0	0	401	0
FFQ	141	0	0	0	0	0	0	0	0	0	0	0	0	9	0	0	0	0	0	0	0	0	0	9	0	0	0	0	11	0	0	0	0	17	0	0	0	0	46	0	0	0	348	0
FFQ	142	0	0	0	0	0	0	0	0	0	0	0	0	12	0	0	0	0	0	0	0	0	0	3	0	0	0	0	9	0	0	0	0	11	0	0	0	0	35	0	0	0	314	0
FFQ	143	0	0	0	0	0	0	0	0	0	0	0	0	8	0	0	0	0	0	0	0	0	0	10	0	0	0	0	9	0	0	0	0	12	0	0	0	0	33	0	0	0	276	0
FFQ	144	0	0	0	0	0	0	0	0	0	0	0	0	10	0	0	0	0	0	0	0	0	0	5	0	0	0	0	10	0	0	0	0	10	0	0	0	0	31	0	0	0	240	0
FFQ	145	0	0	0	0	0	0	0	0	0	0	0	0	13	0	0	0	0	0	0	0	0	0	4	0	0	0	0	5	0	0	0	0	12	0	0	0	0	28	0	0	0	217	0
FFQ	146	0	0	0	0	0	0	0	0	0	0	0	0	9	0	0	0	0	0	0	0	0	0	3	0	0	0	0	2	0	0	0	0	9	0	0	0	0	22	0	0	0	203	0
FFQ	147	0	0	0	0	0	0	0	0	0	0	0	0	3	0	0	0	0	0	0	0	0	0	3	0	0	0	0	7	0	0	0	0	7	0	0	0	0	30	0	0	0	176	0
FFQ	148	0	0	0	0	0	0	0	0	0	0	0	0	6	0	0	0	0	0	0	0	0	0	2	0	0	0	0	6	0	0	0	0	4	0	0	0	0	24	0	0	0	165	0
FFQ	149	0	0	0	0	0	0	0	0	0	0	0	0	6	0	0	0	0	0	0	0	0	0	5	0	0	0	0	5	0	0	0	0	7	0	0	0	0	25	0	0	0	141	0
FFQ	150	0	0	0	0	0	0	0	0	0	0	0	0	5	0	0	0	0	0	0	0	0	0	6	0	0	0	0	3	0	0	0	0	6	0	0	0	0	19	0	0	0	131	0
FFQ	151	0	0	0	0	0	0	0	0	0	0	0	0	4	0	0	0	0	0	0	0	0	0	4	0	0	0	0	3	0	0	0	0	8	0	0	0	0	16	0	0	0	117	0
FFQ	152	0	0	0	0	0	0	0	0	0	0	0	0	5	0	0	0	0	0	0	0	0	0	2	0	0	0	0	4	0	0	0	0	5	0	0	0	0	19	0	0	0	97	0
FFQ	153	0	0	0	0	0	0	0	0	0	0	0	0	2	0	0	0	0	0	0	0	0	0	2	0	0	0	0	2	0	0	0	0	6	0	0	0	0	12	0	0	0	95	0
FFQ	154	0	0	0	0	0	0	0	0	0	0	0	0	1	0	0	0	0	0	0	0	0	0	0	0	0	0	0	0	0	0	0	0	3	0	0	0	0	12	0	0	0	90	0
FFQ	155	0	0	0	0	0	0	0	0	0	0	0	0	2	0	0	0	0	0	0	0	0	0	1	0	0	0	0	1	0	0	0	0	2	0	0	0	0	11	0	0	0	77	0
FFQ	156	0	0	0	0	0	0	0	0	0	0	0	0	2	0	0	0	0	0	0	0	0	0	1	0	0	0	0	0	0	0	0	0	5	0	0	0	0	10	0	0	0	70	0
FFQ	157	0	0	0	0	0	0	0	0	0	0	0	0	4	0	0	0	0	0	0	0	0	0	0	0	0	0	0	4	0	0	0	0	2	0	0	0	0	9	0	0	0	63	0
FFQ	158	0	0	0	0	0	0	0	0	0	0	0	0	1	0	0	0	0	0	0	0	0	0	1	0	0	0	0	1	0	0	0	0	4	0	0	0	0	3	0	0	0	55	0
FFQ	159	0	0	0	0	0	0	0	0	0	0	0	0	3	0	0	0	0	0	0	0	0	0	0	0	0	0	0	2	0	0	0	0	2	0	0	0	0	6	0	0	0	43	0
FFQ	160	0	0	0	0	0	0	0	0	0	0	0	0	1	0	0	0	0	0	0	0	0	0	0	0	0	0	0	3	0	0	0	0	3	0	0	0	0	2	0	0	0	37	0
FFQ	161	0	0	0	0	0	0	0	0	0	0	0	0	3	0	0	0	0	0	0	0	0	0	0	0	0	0	0	1	0	0	0	0	0	0	0	0	0	4	0	0	0	35	0
FFQ	162	0	0	0	0	0	0	0	0	0	0	0	0	0	0	0	0	0	0	0	0	0	0	0	0	0	0	0	1	0	0	0	0	1	0	0	0	0	3	0	0	0	34	0
FFQ	163	0	0	0	0	0	0	0	0	0	0	0	0	0	0	0	0	0	0	0	0	0	0	1	0	0	0	0	2	0	0	0	0	2	0	0	0	0	3	0	0	0	31	0
FFQ	164	0	0	0	0	0	0	0	0	0	0	0	0	1	0	0	0	0	0	0	0	0	0	0	0	0	0	0	0	0	0	0	0	1	0	0	0	0	6	0	0	0	29	0
FFQ	165	0	0	0	0	0	0	0	0	0	0	0	0	0	0	0	0	0	0	0	0	0	0	0	0	0	0	0	0	0	0	0	0	1	0	0	0	0	4	0	0	0	27	0
FFQ	166	0	0	0	0	0	0	0	0	0	0	0	0	0	0	0	0	0	0	0	0	0	0	1	0	0	0	0	1	0	0	0	0	1	0	0	0	0	3	0	0	0	23	0
FFQ	167	0	0	0	0	0	0	0	0	0	0	0	0	0	0	0	0	0	0	0	0	0	0	0	0	0	0	0	1	0	0	0	0	2	0	0	0	0	0	0	0	0	19	0
FFQ	168	0	0	0	0	0	0	0	0	0	0	0	0	0	0	0	0	0	0	0	0	0	0	0	0	0	0	0	0	0	0	0	0	0	0	0	0	0	4	0	0	0	16	0
FFQ	169	0	0	0	0	0	0	0	0	0	0	0	0	0	0	0	0	0	0	0	0	0	0	0	0	0	0	0	0	0	0	0	0	1	0	0	0	0	0	0	0	0	10	0
FFQ	170	0	0	0	0	0	0	0	0	0	0	0	0	0	0	0	0	0	0	0	0	0	0	0	0	0	0	0	1	0	0	0	0	1	0	0	0	0	0	0	0	0	4	0
FFQ	171	0	0	0	0	0	0	0	0	0	0	0	0	0	0	0	0	0	0	0	0	0	0	0	0	0	0	0	0	0	0	0	0	1	0	0	0	0	1	0	0	0	4	0
FFQ	172	0	0	0	0	0	0	0	0	0	0	0	0	0	0	0	0	0	0	0	0	0	0	1	0	0	0	0	0	0	0	0	0	0	0	0	0	0	0	0	0	0	3	0
FFQ	173	0	0	0	0	0	0	0	0	0	0	0	0	0	0	0	0	0	0	0	0	0	0	0	0	0	0	0	0	0	0	0	0	0	0	0	0	0	1	0	0	0	2	0
# Last Fragment Qualities. Use `grep ^LFQ | cut -f 2-` to extract this part.
# Columns correspond to qualities and rows to cycles. First column is the cycle number.
# GC Content of first fragments. Use `grep ^GCF | cut -f 2-` to extract this part.
GCF	4.77	0
GCF	9.80	1
GCF	10.55	2
GCF	11.56	3
GCF	12.31	7
GCF	12.81	9
GCF	13.32	11
GCF	13.82	12
GCF	14.32	15
GCF	15.08	24
GCF	15.83	33
GCF	16.33	50
GCF	16.83	61
GCF	17.34	76
GCF	17.84	81
GCF	18.34	105
GCF	18.84	159
GCF	19.35	200
GCF	19.85	243
GCF	20.35	317
GCF	20.85	358
GCF	21.36	444
GCF	21.86	538
GCF	22.36	704
GCF	22.86	833
GCF	23.37	947
GCF	23.87	1131
GCF	24.37	1464
GCF	24.87	1883
GCF	25.38	2148
GCF	25.88	2739
GCF	26.38	3372
GCF	26.88	4183
GCF	27.39	5147
GCF	27.89	6570
GCF	28.39	8491
GCF	28.89	10222
GCF	29.40	13015
GCF	29.90	15655
GCF	30.40	20093
GCF	30.90	24624
GCF	31.41	30236
GCF	31.91	37602
GCF	32.41	46630
GCF	32.91	51924
GCF	33.42	65660
GCF	33.92	80204
GCF	34.42	91753
GCF	34.92	108509
GCF	35.43	124583
GCF	35.93	144714
GCF	36.43	162527
GCF	36.93	180429
GCF	37.44	200177
GCF	37.94	222471
GCF	38.44	241642
GCF	38.94	260500
GCF	39.45	281558
GCF	39.95	296536
GCF	40.45	313997
GCF	40.95	331948
GCF	41.46	348324
GCF	41.96	361944
GCF	42.46	379420
GCF	42.96	397276
GCF	43.47	412443
GCF	43.97	431479
GCF	44.47	445245
GCF	44.97	461156
GCF	45.48	479587
GCF	45.98	495508
GCF	46.48	507295
GCF	46.98	527301
GCF	47.49	547559
GCF	47.99	553923
GCF	48.49	585572
GCF	48.99	611277
GCF	49.50	611615
GCF	50.00	685471
GCF	50.50	686142
GCF	51.01	741893
GCF	51.51	786469
GCF	52.01	824496
GCF	52.51	901749
GCF	53.02	968659
GCF	53.52	1044485
GCF	54.02	1127442
GCF	54.52	1240837
GCF	55.03	1338109
GCF	55.53	1421026
GCF	56.03	1528395
GCF	56.53	1606116
GCF	57.04	1686207
GCF	57.54	1745712
GCF	58.04	1774756
GCF	58.54	1789890
GCF	59.05	1780978
GCF	59.55	1754907
GCF	60.05	1712957
GCF	60.55	1630357
GCF	61.06	1540006
GCF	61.56	1436053
GCF	62.06	1317311
GCF	62.56	1198104
GCF	63.07	1089790
GCF	63.57	990797
GCF	64.07	856105
GCF	64.57	769373
GCF	65.08	654039
GCF	65.58	584277
GCF	66.08	508440
GCF	66.58	400563
GCF	67.09	389069
GCF	67.59	303615
GCF	68.09	264834
GCF	68.59	217923
GCF	69.10	188732
GCF	69.60	151788
GCF	70.10	130178
GCF	70.60	108528
GCF	71.11	93151
GCF	71.61	75231
GCF	72.11	60879
GCF	72.61	51909
GCF	73.12	44511
GCF	73.62	36534
GCF	74.12	28504
GCF	74.62	26943
GCF	75.13	20906
GCF	75.63	16460
GCF	76.13	14795
GCF	76.63	12712
GCF	77.14	10819
GCF	77.64	8656
GCF	78.14	7040
GCF	78.64	6152
GCF	79.15	5622
GCF	79.65	4961
GCF	80.15	4313
GCF	80.65	3622
GCF	81.16	3112
GCF	81.66	2708
GCF	82.16	2371
GCF	82.66	2144
GCF	83.17	1960
GCF	83.67	1758
GCF	84.17	1544
GCF	84.67	1347
GCF	85.18	1195
GCF	85.68	1090
GCF	86.18	960
GCF	86.68	797
GCF	87.19	696
GCF	87.69	523
GCF	88.19	439
GCF	88.69	373
GCF	89.20	336
GCF	89.70	273
GCF	90.20	217
GCF	90.70	143
GCF	91.21	104
GCF	91.71	73
GCF	92.21	66
GCF	92.71	64
GCF	93.22	65
GCF	93.72	41
GCF	94.22	32
GCF	94.72	25
GCF	95.73	19
GCF	96.73	12
GCF	97.24	7
GCF	98.74	5
# GC Content of last fragments. Use `grep ^GCL | cut -f 2-` to extract this part.
# ACGT content per cycle. Use `grep ^GCC | cut -f 2-` to extract this part. The columns are: cycle; A,C,G,T base counts as a percentage of all A/C/G/T bases [%]; and N and O counts as a percentage of all A/C/G/T bases [%]
GCC	1	33.14	16.95	16.80	33.11	0.00	0.00
GCC	2	24.07	26.05	25.85	24.02	0.00	0.00
GCC	3	22.71	27.39	27.23	22.66	0.00	0.00
GCC	4	23.03	27.12	26.93	22.92	0.00	0.00
GCC	5	22.83	27.32	27.10	22.75	0.00	0.00
GCC	6	22.35	27.78	27.57	22.30	0.00	0.00
GCC	7	22.38	27.71	27.52	22.39	0.00	0.00
GCC	8	22.02	28.08	27.96	21.95	0.00	0.00
GCC	9	21.76	28.35	28.18	21.70	0.00	0.00
GCC	10	21.54	28.61	28.47	21.38	0.00	0.00
GCC	11	22.06	28.01	27.86	22.06	0.00	0.00
GCC	12	21.81	28.32	28.12	21.74	0.00	0.00
GCC	13	22.19	27.89	27.73	22.19	0.00	0.00
GCC	14	22.53	27.62	27.36	22.49	0.00	0.00
GCC	15	22.68	27.46	27.26	22.60	0.00	0.00
GCC	16	22.19	27.90	27.77	22.14	0.00	0.00
GCC	17	22.96	27.10	26.96	22.98	0.00	0.00
GCC	18	22.06	28.04	27.85	22.05	0.00	0.00
GCC	19	22.25	27.86	27.68	22.22	0.00	0.00
GCC	20	22.01	28.12	27.94	21.94	0.00	0.00
GCC	21	22.06	28.04	27.86	22.04	0.00	0.00
GCC	22	22.12	27.96	27.80	22.11	0.00	0.00
GCC	23	21.88	28.19	28.03	21.91	0.00	0.00
GCC	24	22.38	27.73	27.55	22.34	0.00	0.00
GCC	25	22.44	27.70	27.54	22.32	0.00	0.00
GCC	26	22.72	27.34	27.20	22.74	0.00	0.00
GCC	27	22.56	27.51	27.33	22.59	0.00	0.00
GCC	28	22.39	27.69	27.49	22.42	0.00	0.00
GCC	29	22.91	27.18	26.99	22.92	0.00	0.00
GCC	30	22.07	28.08	27.86	21.99	0.00	0.00
GCC	31	22.78	27.30	27.12	22.80	0.00	0.00
GCC	32	22.38	27.72	27.53	22.38	0.00	0.00
GCC	33	22.14	27.94	27.77	22.14	0.00	0.00
GCC	34	21.98	28.15	27.98	21.89	0.00	0.00
GCC	35	23.18	26.96	26.79	23.06	0.00	0.00
GCC	36	22.44	27.67	27.50	22.39	0.00	0.00
GCC	37	22.89	27.17	27.01	22.93	0.00	0.00
GCC	38	24.32	25.80	25.63	24.25	0.00	0.00
GCC	39	22.51	27.63	27.44	22.42	0.00	0.00
GCC	40	23.29	26.83	26.69	23.19	0.00	0.00
GCC	41	23.91	26.20	26.06	23.83	0.00	0.00
GCC	42	23.70	26.34	26.27	23.69	0.00	0.00
GCC	43	23.79	26.27	26.16	23.77	0.00	0.00
GCC	44	23.67	26.49	26.24	23.60	0.00	0.00
GCC	45	24.52	25.65	25.48	24.35	0.00	0.00
GCC	46	24.50	25.59	25.48	24.43	0.00	0.00
GCC	47	24.28	25.79	25.68	24.25	0.00	0.00
GCC	48	25.19	24.88	24.74	25.19	0.00	0.00
GCC	49	24.33	25.85	25.68	24.14	0.00	0.00
GCC	50	24.50	25.68	25.52	24.30	0.00	0.00
GCC	51	25.96	24.14	24.01	25.89	0.00	0.00
GCC	52	24.58	25.47	25.44	24.52	0.00	0.00
GCC	53	24.84	25.23	25.18	24.74	0.00	0.00
GCC	54	26.18	24.05	23.86	25.91	0.00	0.00
GCC	55	25.52	24.70	24.56	25.23	0.00	0.00
GCC	56	25.42	24.72	24.58	25.28	0.00	0.00
GCC	57	26.15	23.92	23.87	26.06	0.00	0.00
GCC	58	25.63	24.49	24.35	25.53	0.00	0.00
GCC	59	26.31	23.94	23.69	26.05	0.00	0.00
GCC	60	25.87	24.33	24.18	25.61	0.00	0.00
GCC	61	26.17	23.95	23.88	26.00	0.00	0.00
GCC	62	26.40	23.77	23.68	26.15	0.00	0.00
GCC	63	25.95	24.23	24.05	25.77	0.00	0.00
GCC	64	26.83	23.42	23.16	26.59	0.00	0.00
GCC	65	26.32	23.91	23.74	26.02	0.00	0.00
GCC	66	26.89	23.39	23.16	26.55	0.00	0.00
GCC	67	26.60	23.46	23.44	26.49	0.00	0.00
GCC	68	26.91	23.33	23.14	26.62	0.00	0.00
GCC	69	26.74	23.50	23.26	26.49	0.00	0.00
GCC	70	27.61	22.66	22.47	27.26	0.00	0.00
GCC	71	26.82	23.34	23.23	26.61	0.00	0.00
GCC	72	27.08	23.13	22.88	26.92	0.00	0.00
GCC	73	27.28	22.88	22.69	27.15	0.00	0.00
GCC	74	26.86	23.38	23.17	26.60	0.00	0.00
GCC	75	27.44	22.77	22.60	27.18	0.00	0.00
GCC	76	27.12	23.12	22.96	26.80	0.00	0.00
GCC	77	27.26	22.98	22.81	26.95	0.00	0.00
GCC	78	27.30	23.09	22.84	26.77	0.00	0.00
GCC	79	27.38	22.86	22.61	27.15	0.00	0.00
GCC	80	27.50	22.96	22.75	26.80	0.00	0.00
GCC	81	27.55	22.66	22.56	27.23	0.00	0.00
GCC	82	27.44	22.88	22.80	26.88	0.00	0.00
GCC	83	27.25	22.85	22.91	26.99	0.00	0.00
GCC	84	27.34	22.95	22.79	26.92	0.00	0.00
GCC	85	27.73	22.64	22.43	27.20	0.00	0.00
GCC	86	27.42	22.96	22.77	26.85	0.00	0.00
GCC	87	27.33	22.80	22.69	27.18	0.00	0.00
GCC	88	27.72	22.82	22.33	27.13	0.00	0.00
GCC	89	27.45	22.78	22.39	27.39	0.00	0.00
GCC	90	27.35	22.74	22.33	27.58	0.00	0.00
GCC	91	27.48	22.66	22.40	27.45	0.00	0.00
GCC	92	27.11	22.68	22.56	27.65	0.00	0.00
GCC	93	27.74	22.65	22.11	27.50	0.00	0.00
GCC	94	27.37	22.95	22.41	27.27	0.00	0.00
GCC	95	27.41	22.69	22.62	27.28	0.00	0.00
GCC	96	27.30	22.86	22.37	27.48	0.00	0.00
GCC	97	27.35	23.07	22.80	26.78	0.00	0.00
GCC	98	27.70	22.59	22.20	27.51	0.00	0.00
GCC	99	27.49	22.63	22.17	27.70	0.00	0.00
GCC	100	27.63	22.84	22.11	27.42	0.00	0.00
GCC	101	27.87	22.47	22.52	27.14	0.00	0.00
GCC	102	27.60	22.62	22.62	27.17	0.00	0.00
GCC	103	27.58	22.42	22.68	27.32	0.00	0.00
GCC	104	27.88	21.99	21.88	28.25	0.00	0.00
GCC	105	27.82	22.59	22.45	27.13	0.00	0.00
GCC	106	27.90	22.60	22.33	27.17	0.01	0.00
GCC	107	27.98	22.29	21.97	27.75	0.00	0.00
GCC	108	28.31	22.22	21.90	27.57	0.00	0.00
GCC	109	28.59	21.67	22.07	27.68	0.00	0.00
GCC	110	28.31	22.55	21.40	27.74	0.01	0.00
GCC	111	27.62	22.17	21.96	28.25	0.00	0.00
GCC	112	28.19	22.29	21.67	27.85	0.00	0.00
GCC	113	27.95	21.34	21.89	28.82	0.00	0.00
GCC	114	27.31	22.20	21.91	28.59	0.00	0.00
GCC	115	28.72	22.45	20.72	28.11	0.00	0.00
GCC	116	27.77	22.17	21.37	28.69	0.02	0.00
GCC	117	28.18	21.80	21.60	28.43	0.00	0.00
GCC	118	27.61	22.44	21.90	28.05	0.00	0.00
GCC	119	27.52	22.24	20.92	29.32	0.00	0.00
GCC	120	29.40	21.60	22.31	26.69	0.00	0.00
GCC	121	28.92	22.04	21.01	28.04	0.00	0.00
GCC	122	28.49	21.12	21.60	28.80	0.00	0.00
GCC	123	28.01	22.70	21.19	28.10	0.00	0.00
GCC	124	27.89	22.21	21.58	28.32	0.00	0.00
GCC	125	27.48	22.64	22.48	27.40	0.00	0.00
GCC	126	28.34	22.31	20.76	28.60	0.00	0.00
GCC	127	27.05	22.59	22.59	27.76	0.00	0.00
GCC	128	26.70	22.09	23.70	27.51	0.00	0.00
GCC	129	29.07	20.38	21.14	29.42	0.00	0.00
GCC	130	28.13	22.32	22.26	27.28	0.00	0.00
GCC	131	29.29	20.90	20.16	29.65	0.00	0.00
GCC	132	24.42	24.67	21.70	29.21	0.00	0.00
GCC	133	25.45	25.00	22.73	26.82	0.00	0.00
GCC	134	28.28	21.31	21.82	28.59	0.00	0.00
GCC	135	31.89	24.23	18.06	25.83	0.00	0.00
GCC	136	28.43	25.61	19.85	26.12	0.00	0.00
GCC	137	29.20	22.08	20.94	27.78	0.00	0.00
GCC	138	25.90	22.93	22.78	28.39	0.00	0.00
GCC	139	28.35	21.30	22.36	27.99	0.00	0.00
GCC	140	26.92	22.06	22.67	28.34	0.00	0.00
GCC	141	30.45	22.73	20.91	25.91	0.00	0.00
GCC	142	29.17	19.27	19.01	32.55	0.00	0.00
GCC	143	23.28	22.13	22.41	32.18	0.00	0.00
GCC	144	27.78	22.55	22.55	27.12	0.00	0.00
GCC	145	27.24	23.66	19.00	30.11	0.00	0.00
GCC	146	24.60	25.40	21.37	28.63	0.00	0.00
GCC	147	30.97	22.57	18.14	28.32	0.00	0.00
GCC	148	32.37	24.64	18.36	24.64	0.00	0.00
GCC	149	28.57	22.22	24.87	24.34	0.00	0.00
GCC	150	31.76	19.41	18.82	30.00	0.00	0.00
GCC	151	27.63	20.39	28.29	23.68	0.00	0.00
GCC	152	25.76	20.45	26.52	27.27	0.00	0.00
GCC	153	26.05	15.97	27.73	30.25	0.00	0.00
GCC	154	24.53	19.81	25.47	30.19	0.00	0.00
GCC	155	32.98	24.47	18.09	24.47	0.00	0.00
GCC	156	23.86	15.91	30.68	29.55	0.00	0.00
GCC	157	26.83	20.73	20.73	31.71	0.00	0.00
GCC	158	32.31	21.54	18.46	27.69	0.00	0.00
GCC	159	26.79	23.21	28.57	21.43	0.00	0.00
GCC	160	28.26	23.91	19.57	28.26	0.00	0.00
GCC	161	39.53	16.28	18.60	25.58	0.00	0.00
GCC	162	35.90	23.08	15.38	25.64	0.00	0.00
GCC	163	23.08	30.77	25.64	20.51	0.00	0.00
GCC	164	21.62	18.92	10.81	48.65	0.00	0.00
GCC	165	28.12	21.88	21.88	28.12	0.00	0.00
GCC	166	44.83	20.69	13.79	20.69	0.00	0.00
GCC	167	27.27	22.73	31.82	18.18	0.00	0.00
GCC	168	30.00	25.00	25.00	20.00	0.00	0.00
GCC	169	27.27	18.18	27.27	27.27	0.00	0.00
GCC	170	50.00	50.00	0.00	0.00	0.00	0.00
GCC	171	50.00	0.00	33.33	16.67	0.00	0.00
GCC	172	0.00	25.00	50.00	25.00	0.00	0.00
GCC	173	33.33	0.00	33.33	33.33	0.00	0.00
# ACGT content per cycle, read oriented. Use `grep ^GCT | cut -f 2-` to extract this part. The columns are: cycle; A,C,G,T base counts as a percentage of all A/C/G/T bases [%]
GCT	1	20.75	20.22	13.53	45.50
GCT	2	19.36	21.26	30.64	28.74
GCT	3	21.09	24.28	30.35	24.28
GCT	4	21.61	26.55	27.50	24.34
GCT	5	21.91	26.51	27.91	23.66
GCT	6	20.60	28.17	27.18	24.05
GCT	7	20.86	28.21	27.01	23.92
GCT	8	21.48	28.66	27.37	22.48
GCT	9	20.80	28.75	27.79	22.67
GCT	10	20.79	30.29	26.79	22.13
GCT	11	21.13	28.04	27.84	22.99
GCT	12	21.55	29.53	26.92	22.01
GCT	13	22.27	28.49	27.12	22.11
GCT	14	20.69	27.62	27.36	24.33
GCT	15	21.12	28.15	26.57	24.16
GCT	16	22.64	28.06	27.62	21.68
GCT	17	21.85	27.11	26.95	24.09
GCT	18	21.85	27.99	27.90	22.26
GCT	19	22.43	27.79	27.75	22.03
GCT	20	21.01	27.87	28.19	22.94
GCT	21	22.33	27.98	27.92	21.77
GCT	22	22.42	27.83	27.94	21.82
GCT	23	21.04	28.92	27.29	22.74
GCT	24	23.03	27.48	27.80	21.69
GCT	25	23.19	28.94	26.30	21.57
GCT	26	22.64	28.25	26.29	22.82
GCT	27	22.23	26.53	28.32	22.92
GCT	28	21.80	28.58	26.60	23.01
GCT	29	24.47	26.24	27.93	21.36
GCT	30	22.86	28.00	27.94	21.20
GCT	31	22.03	27.07	27.35	23.55
GCT	32	22.80	27.95	27.30	21.96
GCT	33	22.14	26.64	29.07	22.15
GCT	34	22.39	26.88	29.26	21.48
GCT	35	25.73	25.90	27.85	20.51
GCT	36	22.16	27.02	28.14	22.68
GCT	37	23.64	25.98	28.20	22.18
GCT	38	27.18	25.31	26.12	21.39
GCT	39	23.58	27.57	27.49	21.35
GCT	40	24.71	25.86	27.66	21.78
GCT	41	25.47	26.84	25.42	22.27
GCT	42	25.71	25.90	26.71	21.69
GCT	43	26.20	25.27	27.16	21.36
GCT	44	25.49	25.67	27.06	21.78
GCT	45	26.58	25.63	25.50	22.29
GCT	46	26.14	25.04	26.03	22.79
GCT	47	26.19	24.85	26.62	22.34
GCT	48	28.39	23.59	26.03	21.99
GCT	49	26.26	25.86	25.68	22.21
GCT	50	25.80	26.85	24.35	23.00
GCT	51	29.25	23.93	24.22	22.60
GCT	52	26.44	25.39	25.51	22.66
GCT	53	27.02	25.58	24.83	22.57
GCT	54	28.49	23.89	24.03	23.59
GCT	55	27.29	24.99	24.26	23.45
GCT	56	27.14	24.64	24.66	23.56
GCT	57	28.46	24.57	23.22	23.75
GCT	58	27.46	25.01	23.83	23.70
GCT	59	28.76	23.71	23.93	23.61
GCT	60	28.57	24.41	24.11	22.92
GCT	61	28.91	23.64	24.18	23.26
GCT	62	28.64	23.79	23.66	23.90
GCT	63	27.60	24.54	23.73	24.13
GCT	64	28.93	23.56	23.02	24.49
GCT	65	28.47	23.43	24.23	23.87
GCT	66	28.86	22.96	23.60	24.59
GCT	67	28.99	22.72	24.19	24.11
GCT	68	29.17	22.95	23.52	24.36
GCT	69	28.93	22.96	23.81	24.30
GCT	70	30.23	22.50	22.64	24.63
GCT	71	29.06	22.88	23.69	24.37
GCT	72	29.67	22.64	23.36	24.33
GCT	73	29.67	22.68	22.89	24.75
GCT	74	29.08	22.94	23.61	24.37
GCT	75	30.34	22.28	23.09	24.28
GCT	76	29.12	22.53	23.55	24.80
GCT	77	29.15	22.87	22.92	25.06
GCT	78	29.56	22.34	23.60	24.50
GCT	79	29.16	22.13	23.34	25.37
GCT	80	29.96	22.07	23.64	24.34
GCT	81	29.65	22.55	22.67	25.13
GCT	82	29.47	22.29	23.39	24.85
GCT	83	29.54	23.12	22.64	24.70
GCT	84	29.49	22.85	22.89	24.77
GCT	85	30.51	22.37	22.70	24.41
GCT	86	29.72	22.71	23.02	24.55
GCT	87	29.37	22.76	22.73	25.14
GCT	88	30.14	22.26	22.89	24.71
GCT	89	29.47	22.59	22.57	25.36
GCT	90	29.99	21.69	23.39	24.94
GCT	91	29.96	22.46	22.60	24.97
GCT	92	29.30	22.44	22.79	25.46
GCT	93	30.15	22.00	22.76	25.09
GCT	94	29.90	22.71	22.65	24.74
GCT	95	29.74	22.79	22.52	24.95
GCT	96	30.13	22.64	22.58	24.64
GCT	97	29.24	23.23	22.64	24.89
GCT	98	30.32	22.28	22.51	24.88
GCT	99	30.06	22.32	22.48	25.14
GCT	100	30.09	22.30	22.65	24.96
GCT	101	29.63	22.36	22.63	25.38
GCT	102	29.53	22.68	22.56	25.23
GCT	103	29.44	22.45	22.65	25.46
GCT	104	30.46	21.61	22.26	25.66
GCT	105	30.05	22.54	22.51	24.91
GCT	106	29.67	22.13	22.80	25.40
GCT	107	30.11	21.46	22.80	25.62
GCT	108	30.08	21.58	22.54	25.80
GCT	109	30.10	21.60	22.13	26.16
GCT	110	30.43	21.13	22.82	25.62
GCT	111	30.65	21.29	22.84	25.22
GCT	112	30.50	21.86	22.10	25.53
GCT	113	30.57	21.41	21.82	26.20
GCT	114	30.15	21.51	22.60	25.74
GCT	115	30.43	21.05	22.12	26.40
GCT	116	30.16	21.47	22.06	26.31
GCT	117	30.32	20.27	23.12	26.29
GCT	118	29.40	21.22	23.12	26.27
GCT	119	30.43	21.17	21.99	26.41
GCT	120	29.28	21.67	22.24	26.80
GCT	121	30.90	21.83	21.21	26.06
GCT	122	30.22	21.57	21.15	27.06
GCT	123	29.58	21.38	22.51	26.53
GCT	124	30.67	21.75	22.04	25.54
GCT	125	29.12	22.01	23.11	25.76
GCT	126	31.35	20.80	22.27	25.58
GCT	127	30.16	22.36	22.83	24.65
GCT	128	28.58	21.88	23.91	25.63
GCT	129	31.94	20.49	21.02	26.54
GCT	130	30.29	21.54	23.04	25.13
GCT	131	33.92	19.28	21.78	25.02
GCT	132	27.89	21.29	25.08	25.74
GCT	133	28.27	22.45	25.27	24.00
GCT	134	31.35	22.13	21.00	25.51
GCT	135	29.83	18.86	23.43	27.89
GCT	136	31.63	21.00	24.46	22.92
GCT	137	28.92	20.66	22.36	28.06
GCT	138	28.55	23.09	22.62	25.74
GCT	139	29.93	20.42	23.24	26.41
GCT	140	27.73	22.67	22.06	27.53
GCT	141	30.23	24.09	19.55	26.14
GCT	142	35.16	20.57	17.71	26.56
GCT	143	29.02	22.41	22.13	26.44
GCT	144	27.78	20.26	24.84	27.12
GCT	145	30.11	20.07	22.58	27.24
GCT	146	30.65	25.40	21.37	22.58
GCT	147	30.53	19.47	21.24	28.76
GCT	148	33.33	25.12	17.87	23.67
GCT	149	28.04	22.75	24.34	24.87
GCT	150	35.29	18.82	19.41	26.47
GCT	151	28.29	21.05	27.63	23.03
GCT	152	25.76	21.97	25.00	27.27
GCT	153	30.25	21.85	21.85	26.05
GCT	154	23.58	21.70	23.58	31.13
GCT	155	27.66	27.66	14.89	29.79
GCT	156	28.41	25.00	21.59	25.00
GCT	157	36.59	15.85	25.61	21.95
GCT	158	40.00	24.62	15.38	20.00
GCT	159	23.21	25.00	26.79	25.00
GCT	160	30.43	17.39	26.09	26.09
GCT	161	30.23	18.60	16.28	34.88
GCT	162	25.64	23.08	15.38	35.90
GCT	163	15.38	33.33	23.08	28.21
GCT	164	35.14	13.51	16.22	35.14
GCT	165	34.38	18.75	25.00	21.88
GCT	166	34.48	17.24	17.24	31.03
GCT	167	18.18	27.27	27.27	27.27
GCT	168	30.00	20.00	30.00	20.00
GCT	169	36.36	9.09	36.36	18.18
GCT	170	16.67	16.67	33.33	33.33
GCT	171	50.00	33.33	0.00	16.67
GCT	172	0.00	50.00	25.00	25.00
GCT	173	0.00	33.33	0.00	66.67
# ACGT content per cycle for first fragments. Use `grep ^FBC | cut -f 2-` to extract this part. The columns are: cycle; A,C,G,T base counts as a percentage of all A/C/G/T bases [%]; and N and O counts as a percentage of all A/C/G/T bases [%]
FBC	1	33.14	16.95	16.80	33.11	0.00	0.00
FBC	2	24.07	26.05	25.85	24.02	0.00	0.00
FBC	3	22.71	27.39	27.23	22.66	0.00	0.00
FBC	4	23.03	27.12	26.93	22.92	0.00	0.00
FBC	5	22.83	27.32	27.10	22.75	0.00	0.00
FBC	6	22.35	27.78	27.57	22.30	0.00	0.00
FBC	7	22.38	27.71	27.52	22.39	0.00	0.00
FBC	8	22.02	28.08	27.96	21.95	0.00	0.00
FBC	9	21.76	28.35	28.18	21.70	0.00	0.00
FBC	10	21.54	28.61	28.47	21.38	0.00	0.00
FBC	11	22.06	28.01	27.86	22.06	0.00	0.00
FBC	12	21.81	28.32	28.12	21.74	0.00	0.00
FBC	13	22.19	27.89	27.73	22.19	0.00	0.00
FBC	14	22.53	27.62	27.36	22.49	0.00	0.00
FBC	15	22.68	27.46	27.26	22.60	0.00	0.00
FBC	16	22.19	27.90	27.77	22.14	0.00	0.00
FBC	17	22.96	27.10	26.96	22.98	0.00	0.00
FBC	18	22.06	28.04	27.85	22.05	0.00	0.00
FBC	19	22.25	27.86	27.68	22.22	0.00	0.00
FBC	20	22.01	28.12	27.94	21.94	0.00	0.00
FBC	21	22.06	28.04	27.86	22.04	0.00	0.00
FBC	22	22.12	27.96	27.80	22.11	0.00	0.00
FBC	23	21.88	28.19	28.03	21.91	0.00	0.00
FBC	24	22.38	27.73	27.55	22.34	0.00	0.00
FBC	25	22.44	27.70	27.54	22.32	0.00	0.00
FBC	26	22.72	27.34	27.20	22.74	0.00	0.00
FBC	27	22.56	27.51	27.33	22.59	0.00	0.00
FBC	28	22.39	27.69	27.49	22.42	0.00	0.00
FBC	29	22.91	27.18	26.99	22.92	0.00	0.00
FBC	30	22.07	28.08	27.86	21.99	0.00	0.00
FBC	31	22.78	27.30	27.12	22.80	0.00	0.00
FBC	32	22.38	27.72	27.53	22.38	0.00	0.00
FBC	33	22.14	27.94	27.77	22.14	0.00	0.00
FBC	34	21.98	28.15	27.98	21.89	0.00	0.00
FBC	35	23.18	26.96	26.79	23.06	0.00	0.00
FBC	36	22.44	27.67	27.50	22.39	0.00	0.00
FBC	37	22.89	27.17	27.01	22.93	0.00	0.00
FBC	38	24.32	25.80	25.63	24.25	0.00	0.00
FBC	39	22.51	27.63	27.44	22.42	0.00	0.00
FBC	40	23.29	26.83	26.69	23.19	0.00	0.00
FBC	41	23.91	26.20	26.06	23.83	0.00	0.00
FBC	42	23.70	26.34	26.27	23.69	0.00	0.00
FBC	43	23.79	26.27	26.16	23.77	0.00	0.00
FBC	44	23.67	26.49	26.24	23.60	0.00	0.00
FBC	45	24.52	25.65	25.48	24.35	0.00	0.00
FBC	46	24.50	25.59	25.48	24.43	0.00	0.00
FBC	47	24.28	25.79	25.68	24.25	0.00	0.00
FBC	48	25.19	24.88	24.74	25.19	0.00	0.00
FBC	49	24.33	25.85	25.68	24.14	0.00	0.00
FBC	50	24.50	25.68	25.52	24.30	0.00	0.00
FBC	51	25.96	24.14	24.01	25.89	0.00	0.00
FBC	52	24.58	25.47	25.44	24.52	0.00	0.00
FBC	53	24.84	25.23	25.18	24.74	0.00	0.00
FBC	54	26.18	24.05	23.86	25.91	0.00	0.00
FBC	55	25.52	24.70	24.56	25.23	0.00	0.00
FBC	56	25.42	24.72	24.58	25.28	0.00	0.00
FBC	57	26.15	23.92	23.87	26.06	0.00	0.00
FBC	58	25.63	24.49	24.35	25.53	0.00	0.00
FBC	59	26.31	23.94	23.69	26.05	0.00	0.00
FBC	60	25.87	24.33	24.18	25.61	0.00	0.00
FBC	61	26.17	23.95	23.88	26.00	0.00	0.00
FBC	62	26.40	23.77	23.68	26.15	0.00	0.00
FBC	63	25.95	24.23	24.05	25.77	0.00	0.00
FBC	64	26.83	23.42	23.16	26.59	0.00	0.00
FBC	65	26.32	23.91	23.74	26.02	0.00	0.00
FBC	66	26.89	23.39	23.16	26.55	0.00	0.00
FBC	67	26.60	23.46	23.44	26.49	0.00	0.00
FBC	68	26.91	23.33	23.14	26.62	0.00	0.00
FBC	69	26.74	23.50	23.26	26.49	0.00	0.00
FBC	70	27.61	22.66	22.47	27.26	0.00	0.00
FBC	71	26.82	23.34	23.23	26.61	0.00	0.00
FBC	72	27.08	23.13	22.88	26.92	0.00	0.00
FBC	73	27.28	22.88	22.69	27.15	0.00	0.00
FBC	74	26.86	23.38	23.17	26.60	0.00	0.00
FBC	75	27.44	22.77	22.60	27.18	0.00	0.00
FBC	76	27.12	23.12	22.96	26.80	0.00	0.00
FBC	77	27.26	22.98	22.81	26.95	0.00	0.00
FBC	78	27.30	23.09	22.84	26.77	0.00	0.00
FBC	79	27.38	22.86	22.61	27.15	0.00	0.00
FBC	80	27.50	22.96	22.75	26.80	0.00	0.00
FBC	81	27.55	22.66	22.56	27.23	0.00	0.00
FBC	82	27.44	22.88	22.80	26.88	0.00	0.00
FBC	83	27.25	22.85	22.91	26.99	0.00	0.00
FBC	84	27.34	22.95	22.79	26.92	0.00	0.00
FBC	85	27.73	22.64	22.43	27.20	0.00	0.00
FBC	86	27.42	22.96	22.77	26.85	0.00	0.00
FBC	87	27.33	22.80	22.69	27.18	0.00	0.00
FBC	88	27.72	22.82	22.33	27.13	0.00	0.00
FBC	89	27.45	22.78	22.39	27.39	0.00	0.00
FBC	90	27.35	22.74	22.33	27.58	0.00	0.00
FBC	91	27.48	22.66	22.40	27.45	0.00	0.00
FBC	92	27.11	22.68	22.56	27.65	0.00	0.00
FBC	93	27.74	22.65	22.11	27.50	0.00	0.00
FBC	94	27.37	22.95	22.41	27.27	0.00	0.00
FBC	95	27.41	22.69	22.62	27.28	0.00	0.00
FBC	96	27.30	22.86	22.37	27.48	0.00	0.00
FBC	97	27.35	23.07	22.80	26.78	0.00	0.00
FBC	98	27.70	22.59	22.20	27.51	0.00	0.00
FBC	99	27.49	22.63	22.17	27.70	0.00	0.00
FBC	100	27.63	22.84	22.11	27.42	0.00	0.00
FBC	101	27.87	22.47	22.52	27.14	0.00	0.00
FBC	102	27.60	22.62	22.62	27.17	0.00	0.00
FBC	103	27.58	22.42	22.68	27.32	0.00	0.00
FBC	104	27.88	21.99	21.88	28.25	0.00	0.00
FBC	105	27.82	22.59	22.45	27.13	0.00	0.00
FBC	106	27.90	22.60	22.33	27.17	0.01	0.00
FBC	107	27.98	22.29	21.97	27.75	0.00	0.00
FBC	108	28.31	22.22	21.90	27.57	0.00	0.00
FBC	109	28.59	21.67	22.07	27.68	0.00	0.00
FBC	110	28.31	22.55	21.40	27.74	0.01	0.00
FBC	111	27.62	22.17	21.96	28.25	0.00	0.00
FBC	112	28.19	22.29	21.67	27.85	0.00	0.00
FBC	113	27.95	21.34	21.89	28.82	0.00	0.00
FBC	114	27.31	22.20	21.91	28.59	0.00	0.00
FBC	115	28.72	22.45	20.72	28.11	0.00	0.00
FBC	116	27.77	22.17	21.37	28.69	0.02	0.00
FBC	117	28.18	21.80	21.60	28.43	0.00	0.00
FBC	118	27.61	22.44	21.90	28.05	0.00	0.00
FBC	119	27.52	22.24	20.92	29.32	0.00	0.00
FBC	120	29.40	21.60	22.31	26.69	0.00	0.00
FBC	121	28.92	22.04	21.01	28.04	0.00	0.00
FBC	122	28.49	21.12	21.60	28.80	0.00	0.00
FBC	123	28.01	22.70	21.19	28.10	0.00	0.00
FBC	124	27.89	22.21	21.58	28.32	0.00	0.00
FBC	125	27.48	22.64	22.48	27.40	0.00	0.00
FBC	126	28.34	22.31	20.76	28.60	0.00	0.00
FBC	127	27.05	22.59	22.59	27.76	0.00	0.00
FBC	128	26.70	22.09	23.70	27.51	0.00	0.00
FBC	129	29.07	20.38	21.14	29.42	0.00	0.00
FBC	130	28.13	22.32	22.26	27.28	0.00	0.00
FBC	131	29.29	20.90	20.16	29.65	0.00	0.00
FBC	132	24.42	24.67	21.70	29.21	0.00	0.00
FBC	133	25.45	25.00	22.73	26.82	0.00	0.00
FBC	134	28.28	21.31	21.82	28.59	0.00	0.00
FBC	135	31.89	24.23	18.06	25.83	0.00	0.00
FBC	136	28.43	25.61	19.85	26.12	0.00	0.00
FBC	137	29.20	22.08	20.94	27.78	0.00	0.00
FBC	138	25.90	22.93	22.78	28.39	0.00	0.00
FBC	139	28.35	21.30	22.36	27.99	0.00	0.00
FBC	140	26.92	22.06	22.67	28.34	0.00	0.00
FBC	141	30.45	22.73	20.91	25.91	0.00	0.00
FBC	142	29.17	19.27	19.01	32.55	0.00	0.00
FBC	143	23.28	22.13	22.41	32.18	0.00	0.00
FBC	144	27.78	22.55	22.55	27.12	0.00	0.00
FBC	145	27.24	23.66	19.00	30.11	0.00	0.00
FBC	146	24.60	25.40	21.37	28.63	0.00	0.00
FBC	147	30.97	22.57	18.14	28.32	0.00	0.00
FBC	148	32.37	24.64	18.36	24.64	0.00	0.00
FBC	149	28.57	22.22	24.87	24.34	0.00	0.00
FBC	150	31.76	19.41	18.82	30.00	0.00	0.00
FBC	151	27.63	20.39	28.29	23.68	0.00	0.00
FBC	152	25.76	20.45	26.52	27.27	0.00	0.00
FBC	153	26.05	15.97	27.73	30.25	0.00	0.00
FBC	154	24.53	19.81	25.47	30.19	0.00	0.00
FBC	155	32.98	24.47	18.09	24.47	0.00	0.00
FBC	156	23.86	15.91	30.68	29.55	0.00	0.00
FBC	157	26.83	20.73	20.73	31.71	0.00	0.00
FBC	158	32.31	21.54	18.46	27.69	0.00	0.00
FBC	159	26.79	23.21	28.57	21.43	0.00	0.00
FBC	160	28.26	23.91	19.57	28.26	0.00	0.00
FBC	161	39.53	16.28	18.60	25.58	0.00	0.00
FBC	162	35.90	23.08	15.38	25.64	0.00	0.00
FBC	163	23.08	30.77	25.64	20.51	0.00	0.00
FBC	164	21.62	18.92	10.81	48.65	0.00	0.00
FBC	165	28.12	21.88	21.88	28.12	0.00	0.00
FBC	166	44.83	20.69	13.79	20.69	0.00	0.00
FBC	167	27.27	22.73	31.82	18.18	0.00	0.00
FBC	168	30.00	25.00	25.00	20.00	0.00	0.00
FBC	169	27.27	18.18	27.27	27.27	0.00	0.00
FBC	170	50.00	50.00	0.00	0.00	0.00	0.00
FBC	171	50.00	0.00	33.33	16.67	0.00	0.00
FBC	172	0.00	25.00	50.00	25.00	0.00	0.00
FBC	173	33.33	0.00	33.33	33.33	0.00	0.00
# ACGT raw counters for first fragments. Use `grep ^FTC | cut -f 2-` to extract this part. The columns are: A,C,G,T,N base counters
FTC	139414795	162208890	161192425	139081775	908
# ACGT content per cycle for last fragments. Use `grep ^LBC | cut -f 2-` to extract this part. The columns are: cycle; A,C,G,T base counts as a percentage of all A/C/G/T bases [%]; and N and O counts as a percentage of all A/C/G/T bases [%]
# ACGT raw counters for last fragments. Use `grep ^LTC | cut -f 2-` to extract this part. The columns are: A,C,G,T,N base counters
LTC	0	0	0	0	0
# Insert sizes. Use `grep ^IS | cut -f 2-` to extract this part. The columns are: insert size, pairs total, inward oriented pairs, outward oriented pairs, other pairs
# Read lengths. Use `grep ^RL | cut -f 2-` to extract this part. The columns are: read length, count
RL	31	134562
RL	32	180568
RL	33	217592
RL	34	267081
RL	35	330858
RL	36	372818
RL	37	405420
RL	38	474038
RL	39	484879
RL	40	502126
RL	41	517531
RL	42	534356
RL	43	544120
RL	44	520829
RL	45	508386
RL	46	490645
RL	47	456931
RL	48	451381
RL	49	418174
RL	50	373486
RL	51	379719
RL	52	339043
RL	53	303385
RL	54	294865
RL	55	265552
RL	56	241759
RL	57	224397
RL	58	200214
RL	59	186921
RL	60	170220
RL	61	156406
RL	62	142275
RL	63	124822
RL	64	116921
RL	65	106382
RL	66	95431
RL	67	87067
RL	68	79782
RL	69	70244
RL	70	66496
RL	71	59077
RL	72	53443
RL	73	49034
RL	74	43372
RL	75	40388
RL	76	36206
RL	77	32634
RL	78	29895
RL	79	26914
RL	80	24702
RL	81	21835
RL	82	20118
RL	83	18070
RL	84	16362
RL	85	15035
RL	86	13473
RL	87	12132
RL	88	11246
RL	89	9983
RL	90	9032
RL	91	7932
RL	92	7131
RL	93	6777
RL	94	6143
RL	95	5374
RL	96	4996
RL	97	4400
RL	98	3918
RL	99	3558
RL	100	3308
RL	101	3001
RL	102	2686
RL	103	2467
RL	104	2188
RL	105	2003
RL	106	1784
RL	107	1581
RL	108	1435
RL	109	1282
RL	110	1220
RL	111	1039
RL	112	963
RL	113	854
RL	114	787
RL	115	703
RL	116	600
RL	117	604
RL	118	559
RL	119	482
RL	120	408
RL	121	410
RL	122	385
RL	123	335
RL	124	288
RL	125	240
RL	126	233
RL	127	224
RL	128	162
RL	129	171
RL	130	173
RL	131	147
RL	132	112
RL	133	124
RL	134	101
RL	135	94
RL	136	79
RL	137	61
RL	138	73
RL	139	74
RL	140	54
RL	141	56
RL	142	36
RL	143	42
RL	144	27
RL	145	31
RL	146	22
RL	147	19
RL	148	18
RL	149	19
RL	150	18
RL	151	20
RL	152	13
RL	153	13
RL	154	12
RL	155	6
RL	156	6
RL	157	17
RL	158	9
RL	159	10
RL	160	3
RL	161	4
RL	163	2
RL	164	5
RL	165	3
RL	166	7
RL	167	2
RL	168	9
RL	169	5
RL	171	2
RL	172	1
RL	173	3
# Read lengths - first fragments. Use `grep ^FRL | cut -f 2-` to extract this part. The columns are: read length, count
FRL	31	134562
FRL	32	180568
FRL	33	217592
FRL	34	267081
FRL	35	330858
FRL	36	372818
FRL	37	405420
FRL	38	474038
FRL	39	484879
FRL	40	502126
FRL	41	517531
FRL	42	534356
FRL	43	544120
FRL	44	520829
FRL	45	508386
FRL	46	490645
FRL	47	456931
FRL	48	451381
FRL	49	418174
FRL	50	373486
FRL	51	379719
FRL	52	339043
FRL	53	303385
FRL	54	294865
FRL	55	265552
FRL	56	241759
FRL	57	224397
FRL	58	200214
FRL	59	186921
FRL	60	170220
FRL	61	156406
FRL	62	142275
FRL	63	124822
FRL	64	116921
FRL	65	106382
FRL	66	95431
FRL	67	87067
FRL	68	79782
FRL	69	70244
FRL	70	66496
FRL	71	59077
FRL	72	53443
FRL	73	49034
FRL	74	43372
FRL	75	40388
FRL	76	36206
FRL	77	32634
FRL	78	29895
FRL	79	26914
FRL	80	24702
FRL	81	21835
FRL	82	20118
FRL	83	18070
FRL	84	16362
FRL	85	15035
FRL	86	13473
FRL	87	12132
FRL	88	11246
FRL	89	9983
FRL	90	9032
FRL	91	7932
FRL	92	7131
FRL	93	6777
FRL	94	6143
FRL	95	5374
FRL	96	4996
FRL	97	4400
FRL	98	3918
FRL	99	3558
FRL	100	3308
FRL	101	3001
FRL	102	2686
FRL	103	2467
FRL	104	2188
FRL	105	2003
FRL	106	1784
FRL	107	1581
FRL	108	1435
FRL	109	1282
FRL	110	1220
FRL	111	1039
FRL	112	963
FRL	113	854
FRL	114	787
FRL	115	703
FRL	116	600
FRL	117	604
FRL	118	559
FRL	119	482
FRL	120	408
FRL	121	410
FRL	122	385
FRL	123	335
FRL	124	288
FRL	125	240
FRL	126	233
FRL	127	224
FRL	128	162
FRL	129	171
FRL	130	173
FRL	131	147
FRL	132	112
FRL	133	124
FRL	134	101
FRL	135	94
FRL	136	79
FRL	137	61
FRL	138	73
FRL	139	74
FRL	140	54
FRL	141	56
FRL	142	36
FRL	143	42
FRL	144	27
FRL	145	31
FRL	146	22
FRL	147	19
FRL	148	18
FRL	149	19
FRL	150	18
FRL	151	20
FRL	152	13
FRL	153	13
FRL	154	12
FRL	155	6
FRL	156	6
FRL	157	17
FRL	158	9
FRL	159	10
FRL	160	3
FRL	161	4
FRL	163	2
FRL	164	5
FRL	165	3
FRL	166	7
FRL	167	2
FRL	168	9
FRL	169	5
FRL	171	2
FRL	172	1
FRL	173	3
# Read lengths - last fragments. Use `grep ^LRL | cut -f 2-` to extract this part. The columns are: read length, count
# Mapping qualities for reads !(UNMAP|SECOND|SUPPL|QCFAIL|DUP). Use `grep ^MAPQ | cut -f 2-` to extract this part. The columns are: mapq, count
MAPQ	0	6706005
MAPQ	1	15152
MAPQ	2	19898
MAPQ	3	25000
MAPQ	4	31106
MAPQ	5	33088
MAPQ	6	40364
MAPQ	7	41935
MAPQ	8	44062
MAPQ	9	49530
MAPQ	10	55088
MAPQ	11	42390
MAPQ	12	53603
MAPQ	13	70921
MAPQ	14	29809
MAPQ	15	73563
MAPQ	16	47732
MAPQ	17	59369
MAPQ	18	78622
MAPQ	20	114990
MAPQ	23	223087
MAPQ	25	75057
MAPQ	37	4423853
# Indel distribution. Use `grep ^ID | cut -f 2-` to extract this part. The columns are: length, number of insertions, number of deletions
ID	1	17292	28139
ID	2	2645	2339
ID	3	434	332
ID	4	67	85
# Indels per cycle. Use `grep ^IC | cut -f 2-` to extract this part. The columns are: cycle, number of insertions (fwd), .. (rev) , number of deletions (fwd), .. (rev)
IC	2	109	0	56	0
IC	3	297	0	187	0
IC	4	591	0	734	0
IC	5	1541	0	666	0
IC	6	1147	0	669	0
IC	7	907	0	551	0
IC	8	667	0	555	0
IC	9	567	0	568	0
IC	10	504	0	485	0
IC	11	371	0	484	0
IC	12	334	0	451	0
IC	13	309	0	450	0
IC	14	276	0	524	0
IC	15	279	0	532	0
IC	16	279	0	558	0
IC	17	257	0	646	0
IC	18	234	0	633	0
IC	19	268	0	731	0
IC	20	240	0	768	0
IC	21	249	0	779	0
IC	22	236	0	773	0
IC	23	242	0	721	0
IC	24	276	0	768	0
IC	25	248	0	822	0
IC	26	263	0	738	0
IC	27	311	0	812	0
IC	28	286	0	701	0
IC	29	276	0	765	0
IC	30	327	0	821	0
IC	31	303	0	721	0
IC	32	348	0	734	0
IC	33	330	0	734	0
IC	34	369	0	596	0
IC	35	329	0	691	0
IC	36	364	0	695	0
IC	37	359	0	567	0
IC	38	375	0	591	0
IC	39	370	0	520	0
IC	40	345	0	532	0
IC	41	336	0	500	0
IC	42	352	0	476	0
IC	43	355	0	437	0
IC	44	319	0	468	0
IC	45	298	0	431	0
IC	46	297	0	345	0
IC	47	260	0	376	0
IC	48	256	0	311	0
IC	49	205	0	293	0
IC	50	205	0	256	0
IC	51	197	0	203	0
IC	52	179	0	216	0
IC	53	148	0	202	0
IC	54	148	0	197	0
IC	55	144	0	169	0
IC	56	130	0	167	0
IC	57	119	0	152	0
IC	58	101	0	126	0
IC	59	103	0	127	0
IC	60	77	0	98	0
IC	61	76	0	87	0
IC	62	68	0	91	0
IC	63	81	0	91	0
IC	64	58	0	80	0
IC	65	62	0	70	0
IC	66	57	0	65	0
IC	67	39	0	53	0
IC	68	32	0	51	0
IC	69	38	0	44	0
IC	70	48	0	45	0
IC	71	36	0	37	0
IC	72	20	0	38	0
IC	73	26	0	31	0
IC	74	27	0	23	0
IC	75	15	0	26	0
IC	76	18	0	18	0
IC	77	18	0	19	0
IC	78	12	0	8	0
IC	79	9	0	14	0
IC	80	14	0	17	0
IC	81	14	0	16	0
IC	82	6	0	14	0
IC	83	9	0	9	0
IC	84	7	0	16	0
IC	85	5	0	11	0
IC	86	3	0	7	0
IC	87	2	0	4	0
IC	88	4	0	2	0
IC	89	4	0	5	0
IC	90	4	0	0	0
IC	91	0	0	2	0
IC	92	2	0	1	0
IC	93	1	0	4	0
IC	94	0	0	2	0
IC	95	0	0	1	0
IC	96	3	0	1	0
IC	97	2	0	3	0
IC	98	0	0	2	0
IC	101	2	0	0	0
IC	104	0	0	3	0
IC	105	0	0	1	0
IC	106	2	0	0	0
IC	107	1	0	0	0
IC	110	0	0	2	0
IC	114	0	0	1	0
IC	119	0	0	1	0
IC	126	1	0	0	0
# Coverage distribution. Use `grep ^COV | cut -f 2-` to extract this part.
COV	[1-1]	1	176037290
COV	[2-2]	2	53598715
COV	[3-3]	3	26081573
COV	[4-4]	4	14034261
COV	[5-5]	5	7959052
COV	[6-6]	6	4736699
COV	[7-7]	7	2985306
COV	[8-8]	8	1975520
COV	[9-9]	9	1369516
COV	[10-10]	10	960499
COV	[11-11]	11	691821
COV	[12-12]	12	502725
COV	[13-13]	13	360209
COV	[14-14]	14	256131
COV	[15-15]	15	183465
COV	[16-16]	16	131041
COV	[17-17]	17	92769
COV	[18-18]	18	66779
COV	[19-19]	19	47482
COV	[20-20]	20	34722
COV	[21-21]	21	25845
COV	[22-22]	22	20111
COV	[23-23]	23	16089
COV	[24-24]	24	13172
COV	[25-25]	25	10393
COV	[26-26]	26	9230
COV	[27-27]	27	7952
COV	[28-28]	28	7263
COV	[29-29]	29	6959
COV	[30-30]	30	6354
COV	[31-31]	31	5934
COV	[32-32]	32	5608
COV	[33-33]	33	5257
COV	[34-34]	34	5095
COV	[35-35]	35	4795
COV	[36-36]	36	4687
COV	[37-37]	37	4385
COV	[38-38]	38	4262
COV	[39-39]	39	4019
COV	[40-40]	40	3587
COV	[41-41]	41	3512
COV	[42-42]	42	3376
COV	[43-43]	43	3134
COV	[44-44]	44	2834
COV	[45-45]	45	2710
COV	[46-46]	46	2652
COV	[47-47]	47	2597
COV	[48-48]	48	2429
COV	[49-49]	49	2288
COV	[50-50]	50	2364
COV	[51-51]	51	2186
COV	[52-52]	52	2087
COV	[53-53]	53	2124
COV	[54-54]	54	2092
COV	[55-55]	55	1946
COV	[56-56]	56	2057
COV	[57-57]	57	1983
COV	[58-58]	58	1859
COV	[59-59]	59	1741
COV	[60-60]	60	1746
COV	[61-61]	61	1627
COV	[62-62]	62	1676
COV	[63-63]	63	1608
COV	[64-64]	64	1601
COV	[65-65]	65	1492
COV	[66-66]	66	1513
COV	[67-67]	67	1381
COV	[68-68]	68	1370
COV	[69-69]	69	1276
COV	[70-70]	70	1230
COV	[71-71]	71	1198
COV	[72-72]	72	1207
COV	[73-73]	73	1119
COV	[74-74]	74	1181
COV	[75-75]	75	1171
COV	[76-76]	76	1172
COV	[77-77]	77	1034
COV	[78-78]	78	946
COV	[79-79]	79	957
COV	[80-80]	80	948
COV	[81-81]	81	919
COV	[82-82]	82	857
COV	[83-83]	83	815
COV	[84-84]	84	791
COV	[85-85]	85	814
COV	[86-86]	86	806
COV	[87-87]	87	845
COV	[88-88]	88	757
COV	[89-89]	89	831
COV	[90-90]	90	742
COV	[91-91]	91	697
COV	[92-92]	92	707
COV	[93-93]	93	700
COV	[94-94]	94	666
COV	[95-95]	95	680
COV	[96-96]	96	633
COV	[97-97]	97	573
COV	[98-98]	98	614
COV	[99-99]	99	555
COV	[100-100]	100	547
COV	[101-101]	101	506
COV	[102-102]	102	561
COV	[103-103]	103	528
COV	[104-104]	104	531
COV	[105-105]	105	574
COV	[106-106]	106	522
COV	[107-107]	107	567
COV	[108-108]	108	556
COV	[109-109]	109	497
COV	[110-110]	110	531
COV	[111-111]	111	461
COV	[112-112]	112	478
COV	[113-113]	113	386
COV	[114-114]	114	413
COV	[115-115]	115	396
COV	[116-116]	116	409
COV	[117-117]	117	389
COV	[118-118]	118	385
COV	[119-119]	119	382
COV	[120-120]	120	395
COV	[121-121]	121	394
COV	[122-122]	122	400
COV	[123-123]	123	371
COV	[124-124]	124	351
COV	[125-125]	125	344
COV	[126-126]	126	312
COV	[127-127]	127	273
COV	[128-128]	128	337
COV	[129-129]	129	288
COV	[130-130]	130	291
COV	[131-131]	131	269
COV	[132-132]	132	278
COV	[133-133]	133	236
COV	[134-134]	134	276
COV	[135-135]	135	242
COV	[136-136]	136	235
COV	[137-137]	137	211
COV	[138-138]	138	247
COV	[139-139]	139	220
COV	[140-140]	140	229
COV	[141-141]	141	263
COV	[142-142]	142	266
COV	[143-143]	143	254
COV	[144-144]	144	233
COV	[145-145]	145	240
COV	[146-146]	146	225
COV	[147-147]	147	212
COV	[148-148]	148	256
COV	[149-149]	149	218
COV	[150-150]	150	225
COV	[151-151]	151	224
COV	[152-152]	152	233
COV	[153-153]	153	232
COV	[154-154]	154	240
COV	[155-155]	155	242
COV	[156-156]	156	238
COV	[157-157]	157	244
COV	[158-158]	158	245
COV	[159-159]	159	235
COV	[160-160]	160	251
COV	[161-161]	161	225
COV	[162-162]	162	257
COV	[163-163]	163	212
COV	[164-164]	164	181
COV	[165-165]	165	191
COV	[166-166]	166	217
COV	[167-167]	167	174
COV	[168-168]	168	198
COV	[169-169]	169	181
COV	[170-170]	170	157
COV	[171-171]	171	195
COV	[172-172]	172	236
COV	[173-173]	173	180
COV	[174-174]	174	173
COV	[175-175]	175	208
COV	[176-176]	176	200
COV	[177-177]	177	186
COV	[178-178]	178	167
COV	[179-179]	179	164
COV	[180-180]	180	153
COV	[181-181]	181	167
COV	[182-182]	182	156
COV	[183-183]	183	136
COV	[184-184]	184	117
COV	[185-185]	185	150
COV	[186-186]	186	134
COV	[187-187]	187	130
COV	[188-188]	188	135
COV	[189-189]	189	115
COV	[190-190]	190	149
COV	[191-191]	191	114
COV	[192-192]	192	134
COV	[193-193]	193	120
COV	[194-194]	194	121
COV	[195-195]	195	114
COV	[196-196]	196	106
COV	[197-197]	197	94
COV	[198-198]	198	127
COV	[199-199]	199	135
COV	[200-200]	200	134
COV	[201-201]	201	143
COV	[202-202]	202	121
COV	[203-203]	203	140
COV	[204-204]	204	134
COV	[205-205]	205	147
COV	[206-206]	206	102
COV	[207-207]	207	128
COV	[208-208]	208	105
COV	[209-209]	209	111
COV	[210-210]	210	90
COV	[211-211]	211	109
COV	[212-212]	212	121
COV	[213-213]	213	108
COV	[214-214]	214	91
COV	[215-215]	215	117
COV	[216-216]	216	95
COV	[217-217]	217	90
COV	[218-218]	218	92
COV	[219-219]	219	75
COV	[220-220]	220	82
COV	[221-221]	221	93
COV	[222-222]	222	96
COV	[223-223]	223	80
COV	[224-224]	224	87
COV	[225-225]	225	97
COV	[226-226]	226	98
COV	[227-227]	227	86
COV	[228-228]	228	90
COV	[229-229]	229	87
COV	[230-230]	230	94
COV	[231-231]	231	79
COV	[232-232]	232	89
COV	[233-233]	233	85
COV	[234-234]	234	84
COV	[235-235]	235	76
COV	[236-236]	236	87
COV	[237-237]	237	75
COV	[238-238]	238	76
COV	[239-239]	239	68
COV	[240-240]	240	92
COV	[241-241]	241	90
COV	[242-242]	242	84
COV	[243-243]	243	81
COV	[244-244]	244	91
COV	[245-245]	245	79
COV	[246-246]	246	68
COV	[247-247]	247	74
COV	[248-248]	248	77
COV	[249-249]	249	71
COV	[250-250]	250	69
COV	[251-251]	251	60
COV	[252-252]	252	72
COV	[253-253]	253	61
COV	[254-254]	254	54
COV	[255-255]	255	63
COV	[256-256]	256	61
COV	[257-257]	257	69
COV	[258-258]	258	77
COV	[259-259]	259	64
COV	[260-260]	260	68
COV	[261-261]	261	52
COV	[262-262]	262	63
COV	[263-263]	263	84
COV	[264-264]	264	59
COV	[265-265]	265	62
COV	[266-266]	266	58
COV	[267-267]	267	63
COV	[268-268]	268	61
COV	[269-269]	269	58
COV	[270-270]	270	51
COV	[271-271]	271	49
COV	[272-272]	272	58
COV	[273-273]	273	63
COV	[274-274]	274	56
COV	[275-275]	275	50
COV	[276-276]	276	47
COV	[277-277]	277	53
COV	[278-278]	278	46
COV	[279-279]	279	48
COV	[280-280]	280	43
COV	[281-281]	281	54
COV	[282-282]	282	45
COV	[283-283]	283	54
COV	[284-284]	284	63
COV	[285-285]	285	69
COV	[286-286]	286	51
COV	[287-287]	287	47
COV	[288-288]	288	55
COV	[289-289]	289	56
COV	[290-290]	290	39
COV	[291-291]	291	35
COV	[292-292]	292	46
COV	[293-293]	293	45
COV	[294-294]	294	47
COV	[295-295]	295	40
COV	[296-296]	296	42
COV	[297-297]	297	51
COV	[298-298]	298	52
COV	[299-299]	299	52
COV	[300-300]	300	51
COV	[301-301]	301	47
COV	[302-302]	302	47
COV	[303-303]	303	32
COV	[304-304]	304	41
COV	[305-305]	305	25
COV	[306-306]	306	53
COV	[307-307]	307	42
COV	[308-308]	308	38
COV	[309-309]	309	34
COV	[310-310]	310	29
COV	[311-311]	311	42
COV	[312-312]	312	48
COV	[313-313]	313	30
COV	[314-314]	314	27
COV	[315-315]	315	34
COV	[316-316]	316	25
COV	[317-317]	317	31
COV	[318-318]	318	35
COV	[319-319]	319	23
COV	[320-320]	320	16
COV	[321-321]	321	26
COV	[322-322]	322	20
COV	[323-323]	323	26
COV	[324-324]	324	32
COV	[325-325]	325	29
COV	[326-326]	326	32
COV	[327-327]	327	31
COV	[328-328]	328	30
COV	[329-329]	329	22
COV	[330-330]	330	23
COV	[331-331]	331	35
COV	[332-332]	332	22
COV	[333-333]	333	21
COV	[334-334]	334	33
COV	[335-335]	335	15
COV	[336-336]	336	24
COV	[337-337]	337	24
COV	[338-338]	338	34
COV	[339-339]	339	27
COV	[340-340]	340	28
COV	[341-341]	341	21
COV	[342-342]	342	22
COV	[343-343]	343	22
COV	[344-344]	344	16
COV	[345-345]	345	28
COV	[346-346]	346	29
COV	[347-347]	347	23
COV	[348-348]	348	25
COV	[349-349]	349	22
COV	[350-350]	350	19
COV	[351-351]	351	20
COV	[352-352]	352	27
COV	[353-353]	353	21
COV	[354-354]	354	34
COV	[355-355]	355	18
COV	[356-356]	356	18
COV	[357-357]	357	22
COV	[358-358]	358	24
COV	[359-359]	359	19
COV	[360-360]	360	19
COV	[361-361]	361	20
COV	[362-362]	362	28
COV	[363-363]	363	27
COV	[364-364]	364	18
COV	[365-365]	365	25
COV	[366-366]	366	27
COV	[367-367]	367	23
COV	[368-368]	368	17
COV	[369-369]	369	20
COV	[370-370]	370	24
COV	[371-371]	371	17
COV	[372-372]	372	23
COV	[373-373]	373	16
COV	[374-374]	374	19
COV	[375-375]	375	11
COV	[376-376]	376	19
COV	[377-377]	377	17
COV	[378-378]	378	13
COV	[379-379]	379	22
COV	[380-380]	380	16
COV	[381-381]	381	16
COV	[382-382]	382	10
COV	[383-383]	383	13
COV	[384-384]	384	21
COV	[385-385]	385	13
COV	[386-386]	386	14
COV	[387-387]	387	27
COV	[388-388]	388	13
COV	[389-389]	389	14
COV	[390-390]	390	24
COV	[391-391]	391	27
COV	[392-392]	392	18
COV	[393-393]	393	17
COV	[394-394]	394	19
COV	[395-395]	395	11
COV	[396-396]	396	15
COV	[397-397]	397	19
COV	[398-398]	398	20
COV	[399-399]	399	14
COV	[400-400]	400	18
COV	[401-401]	401	15
COV	[402-402]	402	18
COV	[403-403]	403	16
COV	[404-404]	404	30
COV	[405-405]	405	26
COV	[406-406]	406	21
COV	[407-407]	407	17
COV	[408-408]	408	19
COV	[409-409]	409	20
COV	[410-410]	410	13
COV	[411-411]	411	21
COV	[412-412]	412	16
COV	[413-413]	413	11
COV	[414-414]	414	23
COV	[415-415]	415	26
COV	[416-416]	416	18
COV	[417-417]	417	27
COV	[418-418]	418	20
COV	[419-419]	419	18
COV	[420-420]	420	21
COV	[421-421]	421	27
COV	[422-422]	422	16
COV	[423-423]	423	13
COV	[424-424]	424	18
COV	[425-425]	425	21
COV	[426-426]	426	15
COV	[427-427]	427	12
COV	[428-428]	428	4
COV	[429-429]	429	12
COV	[430-430]	430	20
COV	[431-431]	431	12
COV	[432-432]	432	12
COV	[433-433]	433	12
COV	[434-434]	434	12
COV	[435-435]	435	16
COV	[436-436]	436	12
COV	[437-437]	437	7
COV	[438-438]	438	15
COV	[439-439]	439	20
COV	[440-440]	440	17
COV	[441-441]	441	17
COV	[442-442]	442	13
COV	[443-443]	443	16
COV	[444-444]	444	16
COV	[445-445]	445	23
COV	[446-446]	446	18
COV	[447-447]	447	11
COV	[448-448]	448	13
COV	[449-449]	449	20
COV	[450-450]	450	18
COV	[451-451]	451	19
COV	[452-452]	452	13
COV	[453-453]	453	19
COV	[454-454]	454	7
COV	[455-455]	455	11
COV	[456-456]	456	16
COV	[457-457]	457	12
COV	[458-458]	458	15
COV	[459-459]	459	12
COV	[460-460]	460	10
COV	[461-461]	461	11
COV	[462-462]	462	10
COV	[463-463]	463	6
COV	[464-464]	464	9
COV	[465-465]	465	7
COV	[466-466]	466	11
COV	[467-467]	467	13
COV	[468-468]	468	9
COV	[469-469]	469	5
COV	[470-470]	470	9
COV	[471-471]	471	9
COV	[472-472]	472	8
COV	[473-473]	473	19
COV	[474-474]	474	12
COV	[475-475]	475	11
COV	[476-476]	476	10
COV	[477-477]	477	13
COV	[478-478]	478	10
COV	[479-479]	479	10
COV	[480-480]	480	5
COV	[481-481]	481	10
COV	[482-482]	482	6
COV	[483-483]	483	8
COV	[484-484]	484	8
COV	[485-485]	485	12
COV	[486-486]	486	7
COV	[487-487]	487	12
COV	[488-488]	488	5
COV	[489-489]	489	9
COV	[490-490]	490	5
COV	[491-491]	491	11
COV	[492-492]	492	6
COV	[493-493]	493	10
COV	[494-494]	494	8
COV	[495-495]	495	15
COV	[496-496]	496	12
COV	[497-497]	497	15
COV	[498-498]	498	10
COV	[499-499]	499	14
COV	[500-500]	500	13
COV	[501-501]	501	11
COV	[502-502]	502	9
COV	[503-503]	503	9
COV	[504-504]	504	7
COV	[505-505]	505	21
COV	[506-506]	506	6
COV	[507-507]	507	9
COV	[508-508]	508	9
COV	[509-509]	509	8
COV	[510-510]	510	8
COV	[511-511]	511	11
COV	[512-512]	512	15
COV	[513-513]	513	17
COV	[514-514]	514	7
COV	[515-515]	515	14
COV	[516-516]	516	7
COV	[517-517]	517	10
COV	[518-518]	518	16
COV	[519-519]	519	8
COV	[520-520]	520	10
COV	[521-521]	521	7
COV	[522-522]	522	8
COV	[523-523]	523	7
COV	[524-524]	524	9
COV	[525-525]	525	12
COV	[526-526]	526	11
COV	[527-527]	527	6
COV	[528-528]	528	9
COV	[529-529]	529	17
COV	[530-530]	530	17
COV	[531-531]	531	11
COV	[532-532]	532	14
COV	[533-533]	533	10
COV	[534-534]	534	12
COV	[535-535]	535	11
COV	[536-536]	536	7
COV	[537-537]	537	18
COV	[538-538]	538	13
COV	[539-539]	539	11
COV	[540-540]	540	15
COV	[541-541]	541	13
COV	[542-542]	542	10
COV	[543-543]	543	11
COV	[544-544]	544	13
COV	[545-545]	545	7
COV	[546-546]	546	7
COV	[547-547]	547	6
COV	[548-548]	548	10
COV	[549-549]	549	10
COV	[550-550]	550	11
COV	[551-551]	551	12
COV	[552-552]	552	9
COV	[553-553]	553	15
COV	[554-554]	554	8
COV	[555-555]	555	11
COV	[556-556]	556	7
COV	[557-557]	557	7
COV	[558-558]	558	13
COV	[559-559]	559	7
COV	[560-560]	560	11
COV	[561-561]	561	9
COV	[562-562]	562	6
COV	[563-563]	563	6
COV	[564-564]	564	7
COV	[565-565]	565	8
COV	[566-566]	566	9
COV	[567-567]	567	4
COV	[568-568]	568	15
COV	[569-569]	569	9
COV	[570-570]	570	4
COV	[571-571]	571	19
COV	[572-572]	572	10
COV	[573-573]	573	6
COV	[574-574]	574	12
COV	[575-575]	575	12
COV	[576-576]	576	6
COV	[577-577]	577	17
COV	[578-578]	578	8
COV	[579-579]	579	13
COV	[580-580]	580	19
COV	[581-581]	581	10
COV	[582-582]	582	9
COV	[583-583]	583	11
COV	[584-584]	584	14
COV	[585-585]	585	6
COV	[586-586]	586	7
COV	[587-587]	587	12
COV	[588-588]	588	9
COV	[589-589]	589	14
COV	[590-590]	590	8
COV	[591-591]	591	5
COV	[592-592]	592	5
COV	[593-593]	593	6
COV	[594-594]	594	8
COV	[595-595]	595	6
COV	[596-596]	596	4
COV	[597-597]	597	9
COV	[598-598]	598	8
COV	[599-599]	599	5
COV	[600-600]	600	6
COV	[601-601]	601	2
COV	[602-602]	602	8
COV	[603-603]	603	7
COV	[604-604]	604	8
COV	[605-605]	605	5
COV	[606-606]	606	5
COV	[607-607]	607	7
COV	[608-608]	608	2
COV	[609-609]	609	8
COV	[610-610]	610	12
COV	[611-611]	611	4
COV	[612-612]	612	7
COV	[613-613]	613	10
COV	[614-614]	614	9
COV	[615-615]	615	6
COV	[616-616]	616	7
COV	[617-617]	617	7
COV	[618-618]	618	11
COV	[619-619]	619	2
COV	[620-620]	620	2
COV	[621-621]	621	9
COV	[622-622]	622	7
COV	[623-623]	623	4
COV	[624-624]	624	5
COV	[625-625]	625	5
COV	[626-626]	626	6
COV	[627-627]	627	5
COV	[628-628]	628	8
COV	[629-629]	629	4
COV	[630-630]	630	3
COV	[631-631]	631	7
COV	[632-632]	632	6
COV	[633-633]	633	5
COV	[634-634]	634	6
COV	[635-635]	635	3
COV	[636-636]	636	6
COV	[637-637]	637	3
COV	[638-638]	638	6
COV	[639-639]	639	3
COV	[640-640]	640	3
COV	[641-641]	641	8
COV	[642-642]	642	8
COV	[643-643]	643	7
COV	[644-644]	644	9
COV	[645-645]	645	9
COV	[646-646]	646	5
COV	[647-647]	647	5
COV	[648-648]	648	6
COV	[649-649]	649	5
COV	[650-650]	650	10
COV	[651-651]	651	8
COV	[652-652]	652	10
COV	[653-653]	653	7
COV	[654-654]	654	4
COV	[655-655]	655	8
COV	[656-656]	656	11
COV	[657-657]	657	7
COV	[658-658]	658	8
COV	[659-659]	659	12
COV	[660-660]	660	7
COV	[661-661]	661	6
COV	[662-662]	662	5
COV	[663-663]	663	2
COV	[664-664]	664	7
COV	[665-665]	665	3
COV	[666-666]	666	8
COV	[667-667]	667	4
COV	[668-668]	668	3
COV	[669-669]	669	5
COV	[670-670]	670	7
COV	[671-671]	671	8
COV	[672-672]	672	6
COV	[673-673]	673	4
COV	[674-674]	674	11
COV	[675-675]	675	6
COV	[676-676]	676	6
COV	[677-677]	677	6
COV	[678-678]	678	5
COV	[679-679]	679	2
COV	[680-680]	680	10
COV	[681-681]	681	6
COV	[682-682]	682	6
COV	[683-683]	683	5
COV	[684-684]	684	4
COV	[685-685]	685	5
COV	[686-686]	686	1
COV	[687-687]	687	6
COV	[688-688]	688	3
COV	[689-689]	689	3
COV	[690-690]	690	4
COV	[691-691]	691	12
COV	[692-692]	692	4
COV	[693-693]	693	6
COV	[694-694]	694	3
COV	[695-695]	695	5
COV	[696-696]	696	3
COV	[697-697]	697	3
COV	[698-698]	698	3
COV	[699-699]	699	3
COV	[700-700]	700	6
COV	[701-701]	701	8
COV	[702-702]	702	5
COV	[703-703]	703	9
COV	[704-704]	704	18
COV	[705-705]	705	5
COV	[706-706]	706	7
COV	[707-707]	707	4
COV	[708-708]	708	3
COV	[709-709]	709	3
COV	[710-710]	710	5
COV	[711-711]	711	3
COV	[712-712]	712	5
COV	[713-713]	713	7
COV	[714-714]	714	3
COV	[715-715]	715	1
COV	[716-716]	716	6
COV	[717-717]	717	4
COV	[718-718]	718	3
COV	[719-719]	719	7
COV	[720-720]	720	5
COV	[721-721]	721	2
COV	[722-722]	722	7
COV	[723-723]	723	6
COV	[724-724]	724	6
COV	[725-725]	725	2
COV	[726-726]	726	5
COV	[727-727]	727	6
COV	[728-728]	728	11
COV	[729-729]	729	6
COV	[730-730]	730	6
COV	[731-731]	731	8
COV	[732-732]	732	3
COV	[733-733]	733	5
COV	[734-734]	734	18
COV	[735-735]	735	5
COV	[736-736]	736	3
COV	[737-737]	737	9
COV	[738-738]	738	4
COV	[739-739]	739	4
COV	[740-740]	740	4
COV	[741-741]	741	9
COV	[742-742]	742	2
COV	[743-743]	743	4
COV	[744-744]	744	8
COV	[745-745]	745	7
COV	[746-746]	746	4
COV	[747-747]	747	4
COV	[748-748]	748	5
COV	[749-749]	749	3
COV	[750-750]	750	3
COV	[751-751]	751	8
COV	[752-752]	752	5
COV	[753-753]	753	7
COV	[754-754]	754	1
COV	[755-755]	755	4
COV	[756-756]	756	7
COV	[757-757]	757	6
COV	[758-758]	758	6
COV	[759-759]	759	8
COV	[760-760]	760	8
COV	[761-761]	761	3
COV	[762-762]	762	5
COV	[763-763]	763	9
COV	[764-764]	764	5
COV	[765-765]	765	3
COV	[766-766]	766	5
COV	[767-767]	767	9
COV	[768-768]	768	4
COV	[769-769]	769	5
COV	[770-770]	770	3
COV	[771-771]	771	1
COV	[772-772]	772	4
COV	[773-773]	773	4
COV	[774-774]	774	5
COV	[775-775]	775	5
COV	[776-776]	776	7
COV	[777-777]	777	4
COV	[778-778]	778	2
COV	[779-779]	779	2
COV	[780-780]	780	6
COV	[781-781]	781	5
COV	[782-782]	782	2
COV	[783-783]	783	9
COV	[784-784]	784	2
COV	[785-785]	785	7
COV	[786-786]	786	8
COV	[787-787]	787	5
COV	[788-788]	788	3
COV	[789-789]	789	2
COV	[790-790]	790	4
COV	[791-791]	791	3
COV	[792-792]	792	4
COV	[793-793]	793	4
COV	[794-794]	794	5
COV	[795-795]	795	3
COV	[796-796]	796	3
COV	[797-797]	797	2
COV	[798-798]	798	1
COV	[799-799]	799	5
COV	[800-800]	800	1
COV	[801-801]	801	5
COV	[802-802]	802	5
COV	[803-803]	803	2
COV	[805-805]	805	5
COV	[806-806]	806	4
COV	[807-807]	807	4
COV	[809-809]	809	6
COV	[810-810]	810	4
COV	[811-811]	811	4
COV	[812-812]	812	6
COV	[813-813]	813	4
COV	[814-814]	814	4
COV	[815-815]	815	6
COV	[816-816]	816	6
COV	[817-817]	817	4
COV	[818-818]	818	5
COV	[819-819]	819	3
COV	[820-820]	820	1
COV	[821-821]	821	2
COV	[822-822]	822	4
COV	[823-823]	823	4
COV	[824-824]	824	3
COV	[825-825]	825	4
COV	[826-826]	826	3
COV	[827-827]	827	3
COV	[828-828]	828	5
COV	[829-829]	829	9
COV	[830-830]	830	2
COV	[831-831]	831	15
COV	[832-832]	832	8
COV	[833-833]	833	3
COV	[834-834]	834	7
COV	[835-835]	835	2
COV	[836-836]	836	5
COV	[837-837]	837	2
COV	[838-838]	838	2
COV	[839-839]	839	6
COV	[840-840]	840	2
COV	[841-841]	841	3
COV	[842-842]	842	2
COV	[843-843]	843	1
COV	[844-844]	844	4
COV	[845-845]	845	2
COV	[847-847]	847	3
COV	[848-848]	848	1
COV	[849-849]	849	3
COV	[850-850]	850	3
COV	[851-851]	851	7
COV	[852-852]	852	3
COV	[853-853]	853	2
COV	[854-854]	854	3
COV	[855-855]	855	2
COV	[856-856]	856	2
COV	[857-857]	857	3
COV	[858-858]	858	2
COV	[859-859]	859	2
COV	[860-860]	860	1
COV	[861-861]	861	2
COV	[862-862]	862	1
COV	[863-863]	863	1
COV	[864-864]	864	1
COV	[865-865]	865	3
COV	[866-866]	866	3
COV	[867-867]	867	4
COV	[868-868]	868	1
COV	[869-869]	869	1
COV	[870-870]	870	1
COV	[871-871]	871	5
COV	[872-872]	872	2
COV	[873-873]	873	4
COV	[874-874]	874	1
COV	[875-875]	875	5
COV	[876-876]	876	2
COV	[878-878]	878	1
COV	[879-879]	879	3
COV	[880-880]	880	3
COV	[881-881]	881	3
COV	[882-882]	882	2
COV	[883-883]	883	3
COV	[884-884]	884	2
COV	[885-885]	885	4
COV	[886-886]	886	1
COV	[887-887]	887	2
COV	[888-888]	888	3
COV	[889-889]	889	2
COV	[890-890]	890	2
COV	[891-891]	891	4
COV	[892-892]	892	3
COV	[893-893]	893	1
COV	[894-894]	894	3
COV	[895-895]	895	4
COV	[896-896]	896	1
COV	[897-897]	897	3
COV	[898-898]	898	2
COV	[900-900]	900	5
COV	[901-901]	901	1
COV	[902-902]	902	1
COV	[903-903]	903	2
COV	[904-904]	904	2
COV	[906-906]	906	2
COV	[907-907]	907	5
COV	[908-908]	908	2
COV	[909-909]	909	1
COV	[910-910]	910	1
COV	[911-911]	911	2
COV	[913-913]	913	2
COV	[914-914]	914	3
COV	[915-915]	915	1
COV	[916-916]	916	1
COV	[917-917]	917	2
COV	[918-918]	918	2
COV	[919-919]	919	5
COV	[920-920]	920	4
COV	[921-921]	921	2
COV	[922-922]	922	2
COV	[923-923]	923	3
COV	[924-924]	924	1
COV	[925-925]	925	3
COV	[926-926]	926	2
COV	[927-927]	927	3
COV	[928-928]	928	2
COV	[929-929]	929	1
COV	[930-930]	930	6
COV	[931-931]	931	1
COV	[932-932]	932	6
COV	[933-933]	933	1
COV	[934-934]	934	1
COV	[935-935]	935	1
COV	[936-936]	936	1
COV	[937-937]	937	1
COV	[938-938]	938	2
COV	[939-939]	939	3
COV	[940-940]	940	2
COV	[941-941]	941	1
COV	[942-942]	942	5
COV	[943-943]	943	5
COV	[944-944]	944	2
COV	[945-945]	945	2
COV	[947-947]	947	1
COV	[949-949]	949	3
COV	[950-950]	950	1
COV	[951-951]	951	1
COV	[952-952]	952	3
COV	[953-953]	953	3
COV	[954-954]	954	2
COV	[955-955]	955	1
COV	[956-956]	956	1
COV	[957-957]	957	3
COV	[958-958]	958	1
COV	[959-959]	959	3
COV	[960-960]	960	4
COV	[961-961]	961	2
COV	[962-962]	962	4
COV	[963-963]	963	3
COV	[964-964]	964	6
COV	[965-965]	965	3
COV	[966-966]	966	3
COV	[967-967]	967	3
COV	[968-968]	968	6
COV	[969-969]	969	2
COV	[970-970]	970	2
COV	[971-971]	971	3
COV	[972-972]	972	2
COV	[973-973]	973	2
COV	[974-974]	974	3
COV	[975-975]	975	2
COV	[976-976]	976	4
COV	[979-979]	979	1
COV	[980-980]	980	3
COV	[982-982]	982	3
COV	[983-983]	983	2
COV	[984-984]	984	1
COV	[985-985]	985	5
COV	[987-987]	987	2
COV	[988-988]	988	4
COV	[989-989]	989	2
COV	[990-990]	990	3
COV	[991-991]	991	1
COV	[992-992]	992	2
COV	[993-993]	993	5
COV	[994-994]	994	6
COV	[995-995]	995	3
COV	[996-996]	996	2
COV	[997-997]	997	3
COV	[999-999]	999	4
COV	[1000<]	1000	975
# GC-depth. Use `grep ^GCD | cut -f 2-` to extract this part. The columns are: GC%, unique sequence percentiles, 10th, 25th, 50th, 75th and 90th depth percentile
GCD	0.0	0.001	0.000	0.000	0.000	0.000	0.000
GCD	19.2	0.002	0.080	0.080	0.080	0.080	0.080
GCD	26.0	0.003	0.002	0.002	0.002	0.002	0.002
GCD	34.0	0.004	0.005	0.005	0.005	0.005	0.005
GCD	36.0	0.012	0.022	0.041	0.094	2.878	8.262
GCD	37.0	0.039	0.018	0.076	0.254	1.491	7.444
GCD	38.0	0.085	0.034	0.129	0.289	0.521	2.458
GCD	39.0	0.143	0.024	0.034	0.089	0.266	0.500
GCD	40.0	0.221	0.019	0.034	0.068	0.297	2.937
GCD	41.0	0.318	0.023	0.034	0.047	0.254	1.907
GCD	42.0	0.471	0.024	0.034	0.048	0.071	1.115
GCD	43.0	0.723	0.027	0.036	0.051	0.065	0.089
GCD	44.0	1.190	0.031	0.041	0.058	0.075	0.097
GCD	45.0	2.005	0.034	0.046	0.063	0.085	0.106
GCD	46.0	3.289	0.039	0.053	0.070	0.094	0.118
GCD	47.0	5.209	0.046	0.060	0.080	0.104	0.130
GCD	48.0	8.137	0.051	0.068	0.092	0.118	0.145
GCD	49.0	12.191	0.058	0.075	0.101	0.130	0.164
GCD	50.0	17.871	0.065	0.087	0.113	0.150	0.186
GCD	51.0	25.337	0.072	0.097	0.128	0.167	0.205
GCD	52.0	34.631	0.082	0.109	0.145	0.186	0.229
GCD	53.0	45.799	0.092	0.121	0.159	0.208	0.258
GCD	54.0	57.840	0.101	0.138	0.183	0.241	0.297
GCD	55.0	70.612	0.116	0.159	0.217	0.287	0.357
GCD	56.0	83.221	0.138	0.193	0.270	0.360	0.451
GCD	57.0	93.260	0.159	0.237	0.345	0.461	0.570
GCD	58.0	97.904	0.159	0.244	0.369	0.507	0.625
GCD	59.0	99.266	0.126	0.188	0.290	0.421	0.577
GCD	60.0	99.686	0.099	0.148	0.225	0.338	0.469
GCD	61.0	99.856	0.077	0.118	0.180	0.272	0.395
GCD	62.0	99.921	0.038	0.095	0.164	0.255	0.443
GCD	63.0	99.969	0.086	0.113	0.212	0.688	0.926
GCD	64.0	99.980	0.066	0.097	0.175	0.693	1.111
GCD	65.0	99.991	0.041	0.085	0.435	1.615	2.493
GCD	66.0	99.995	0.027	0.052	0.235	1.128	1.340
GCD	67.0	99.998	1.514	2.244	4.587	7.748	8.750
GCD	68.0	100.000	0.002	0.002	7.499	9.923	9.923
